Gene	Chi^2-statistic of rep3	pvalue of rep3	BH-corrected P-value of rep3	Chi^2-statistic of rep2	pvalue of rep2	BH-corrected P-value of rep2	Chi^2-statistic of rep1	pvalue of rep1	BH-corrected P-value of rep1	Average Chi^2-statistic	Number of detected	combined_pvalue	BH-corrected combined pvalue
TNFRSF18	173.09425385430023	2.732935328884629e-37	1.191062906061174e-34	4.5624187751562335	0.2067897927376651	0.6546078984297441	68.32283825616389	9.757300518247964e-15	8.163876896424994e-13	81.99317029520678	3	7.03977072827815e-48	1.2612922554831688e-45
CLU	46.12489639184314	5.335077120646156e-10	2.3903139921848297e-08	13.357288128414366	0.0039243361346039	0.0433657144415641	73.46551263907361	7.725805326001224e-16	7.046491272111388e-14	44.31589905311037	3	2.9344565084603033e-24	1.8756728763536806e-22
EPB49	68.90160334897648	7.335554658824942e-15	5.494788911626059e-13				41.76941202744118	4.490596969933705e-09	1.886423391021113e-07	55.33550768820883	2	1.4749102968087254e-21	8.507714273055206e-20
SERPINE2	45.68268872617981	6.624585169336853e-10	2.8871146638000804e-08	18.006723426981303	0.0004384474933372	0.0069794273884325	30.477892863527412	1.0948347630540486e-06	3.0367416825093666e-05	31.389101672229504	3	2.36599940887925e-16	1.0100340436822072e-14
PDLIM1	18.004096112457933	0.0004389948855453	0.0060912922758447	24.08384265053935	2.399312608218098e-05	0.0005302700984584	34.50058937119679	1.5531984712670633e-07	5.105383546463554e-06	25.529509378064688	3	7.669741456409097e-13	2.4847861019736322e-11
RPUSD3	45.89190557506564	5.979698740436057e-10	2.666667512711671e-08	3.1088620365289183	0.37514343202255196	0.8501604212063292	25.100355214045077	1.4712181522228519e-05	0.0003210045813168	24.700374275213214	3	2.3774442608886914e-12	7.516919354280422e-11
ERAP2	16.474225280976984	0.0009063735366060001	0.0112861161934792	19.958885958234983	0.0001731053658841	0.0031354197474798	29.85091665745498	1.4833861186294703e-06	4.015454830215177e-05	22.09467596555565	3	8.112397322070599e-11	2.2103478878683144e-09
PRKCQ	9.110035261725047	0.0278631222680593	0.1796581145300286	15.652748879292073	0.0013358512196441	0.0181129395203912	27.152439815258788	5.469647133916953e-06	0.00013279306375	17.30507465209197	3	4.690273462858474e-08	9.243747283050243e-07
FCER1A							30.0648205637018	1.3374009797327779e-06	3.649554587281576e-05	30.0648205637018	1	1.337400979732775e-06	2.1313701597493343e-05
CTSW	14.915480794313705	0.0018903195757328	0.0210748652234032	4.1497228601341565	0.24574403337550896	0.7115353081750017	24.77260356136461	1.7226561665898447e-05	0.0003694951489524	14.612602405270822	3	1.5119512542846925e-06	2.393416811501538e-05
TPD52	29.109958824655646	2.123393017402829e-06	5.2202800643226474e-05	4.063514551993199	0.2546868784967925	0.7252254022444128	10.580411429503632	0.0142252247818735	0.1153051847011111	14.584628268717495	3	1.5667144853246583e-06	2.4701865051952104e-05
NRK				28.909539591711923	2.339616772636792e-06	6.683166172271183e-05				28.909539591711923	1	2.339616772636792e-06	3.551472186961497e-05
MST1R	25.64680379709402	1.130740181705345e-05	0.0002341584635462							25.64680379709402	1	1.130740181705345e-05	0.00015404380931642516
KALRN	14.006077161692948	0.0028968923767076	0.0303224935675474	2.9917194941962624	0.3929036301370764	0.8628120738379372	21.372395354139897	8.809776835803436e-05	0.0015351149859840001	12.790064003343037	3	1.4957380564117431e-05	0.00019850844575834863
FLRT2							22.416675010632172	5.342250076279054e-05	0.0010052962782945	22.416675010632172	1	5.342250076279064e-05	0.0006439562400815487
TXNDC5	11.056579315458107	0.0114238310995325	0.0909731665966093	11.890681291966608	0.0077671777204683	0.073376984818072	11.228429541866275	0.0105526749088419	0.0919408612539722	11.391896716430331	3	8.320475609943927e-05	0.0009617754065257764
DLG5	6.802504721358954	0.0784662456313763	0.3680696492728163				20.013371228140265	0.0001686628101796	0.0028084577142407	13.407937974749611	2	0.0001567715517537355	0.0017085931792515411
RIMBP3	23.58464799057484	3.0498471148114228e-05	0.0005733712575845	1.1629012345340244	0.7619151752056283	1.0	5.3443545365594005	0.1482500470343614	0.5629720465775976	10.030634587222757	3	0.0004232003572720116	0.004135821673340113
LRRC70	1.010418892324886	0.7987309126642577	1.0	23.24746254375243	3.585981086989141e-05	0.0007644803927926				12.128940718038654	2	0.00046817652596469904	0.004523028937526606
ARSH	16.380820107287835	0.0009472911527881	0.0117498416208698	6.2964917259281545	0.0980433018681878	0.4417449766841603				11.338655916607996	2	0.0009120808494538438	0.008264640647349964
ISCA1	13.207951319871038	0.0042078143554781	0.0418511660169341	5.6234908717219145	0.1314362586623796	0.5207729393382771	9.065663244684137	0.028430477731813	0.1938250212504209	9.299035145425695	3	0.0009923658902018784	0.008916965540757759
AZI1	1.5216993693533232	0.6772712588893282	1.0	10.138101400137517	0.0174279733590109	0.1385610159137209	15.76334863128266	0.0012679599457384	0.0162903889475336	9.141049800257834	3	0.0011901431124354865	0.010440239098330582
ZNF132	8.500568562240003	0.0367236829349668	0.2210336923920039	5.908347211193722	0.1161554804854305	0.486923235190375	13.010492142086365	0.0046139704310878	0.0465257337094952	9.139802638506694	3	0.0011918476900943744	0.010447441760834677
OIT3	15.660162128369914	0.001331189893592	0.0156606732512397				6.122203491756798	0.1058137847264167	0.4651579490100925	10.891182810063356	2	0.0013258674080428314	0.01142739220124379
CADM4	15.059817943441573	0.0017662373742608	0.0200173569082898							15.059817943441573	1	0.0017662373742608664	0.014585025803515884
LPHN3	14.723406983903196	0.0020689421817859	0.0227749915487524	10.859413814124911	0.0125108826571432	0.10893511923274	0.7864967837875971	0.8526940234105441	1.0	8.7897725272719	3	0.0017771148887412234	0.014633971837997887
ITM2A	8.602193623939607	0.035075310427757	0.2142051441919331	7.465015683996883	0.0584641951431519	0.3179238060944763	9.656718473350242	0.0217212775509757	0.1587770497661217	8.574642593762244	3	0.0022665428042463816	0.018060558396370257
ZNF407	2.9783869459937513	0.3949695019583724	0.8640126819020933	14.926650925903767	0.0018804158072024	0.0241381261787784	7.350737448548826	0.0615202599116593	0.3339577004534256	8.418591773482115	3	0.002700895873751565	0.02109517417907018
SGCG	13.722480548591301	0.0033083065631716	0.0340343812528863							13.722480548591301	1	0.003308306563171679	0.024807054603364048
CSF1	1.661084614608369	0.6456199446144155	0.9945700560673226				17.871931955082786	0.0004674257878916	0.0068882367927446	9.766508284845576	2	0.003352043257756607	0.025039741960184388
MAN1A1	9.699699587613717	0.0212990997556517	0.1484126224252828	8.092428483059436	0.044139614891555996	0.2627652362613472	6.678741220033218	0.0828737443831648	0.39972071850174395	8.156956430235457	3	0.0036157840294511897	0.026756349279261776
INO80B	0.9367545208550004	0.8165502440789973	1.0				18.056007534521626	0.0004283041823389	0.0064049505790248	9.496381027688313	2	0.004175874278037475	0.030091232990733182
TTC27	6.295469315522198	0.0980872471464357	0.4238217781162803	9.383069228578284	0.0246084020174606	0.1792791546171248	7.306330229922934	0.0627491346149248	0.3370144503137926	7.6616229246744725	3	0.006230389498697705	0.04248809447641313
SOS1	0.9554749037552476	0.8120239063585284	1.0	2.2363976708080093	0.5248147916463279	0.9309858859175286	19.4285820459857	0.0002229132445872	0.0035765034678314	7.540151540182985	3	0.007107395648326439	0.0475905739192866
ARHGEF33	3.2405680571549045	0.3560004892705847	0.8286799444346604				14.363354679537464	0.0024500573595820003	0.0280910313798509	8.801961368346184	2	0.007302130174077769	0.04875645923685467
