Gene	Chi^2-statistic of rep3	pvalue of rep3	BH-corrected P-value of rep3	Chi^2-statistic of rep2	pvalue of rep2	BH-corrected P-value of rep2	Chi^2-statistic of rep1	pvalue of rep1	BH-corrected P-value of rep1	Average Chi^2-statistic	Number of detected	combined_pvalue	BH-corrected combined pvalue
CLC	382.2217869451836	1.5697233736858436e-82	2.5084179511499782e-79	377.1231220231023	1.995644815747937e-81	2.4037541805683903e-78	402.38879475832704	6.725455834492359e-87	1.361770297368013e-83	387.244567908871	3	2.2078803927425688e-244	4.3513642740301456e-241
PRRC2B	406.9478233892932	6.921108531569781e-88	1.3271917720138208e-84	291.3443840779308	7.430144753953442e-63	5.966406237424615e-60	168.10810503305484	3.2589969681583814e-36	1.499731150256157e-33	288.80010416675964	3	1.0711328616817087e-180	1.2666146089386207e-177
PRG2	89.17987583625978	3.28624541900356e-19	3.98842038954508e-17	117.71434824985819	2.396913222837759e-25	5.094850547484849e-23	90.63501058749931	1.600148785971149e-19	2.314272329881701e-17	99.17641155787243	3	8.724104934781603e-59	2.2426639316041846e-56
HLA-DRB3	128.8247580904953	9.690177770578632e-28	2.212129153912094e-25				139.4036798259565	5.0820069200568874e-30	1.7741461399536522e-27	134.11421895822588	2	5.191951954007999e-55	1.1583930538895205e-52
SRGN	95.1234511246488	1.7369390562279912e-20	2.485637562852832e-18	72.80818177614967	1.0685158818278881e-15	1.0435357132392094e-13	101.78541191811676	6.420473527927666e-22	1.1607298927989232e-19	89.90568160630507	3	6.791276628277266e-53	1.384600795334115e-50
CD74	97.84138525943676	4.524672286683081e-21	6.997186755599579e-19	80.10017922586786	2.9211086703327103e-17	3.350928946110237e-15	60.06081756837533	5.704968737883824e-13	3.824973741876546e-11	79.33412735122666	3	3.389047227180262e-46	5.808041081363275e-44
SGSM1	86.40210546877563	1.297673259032179e-18	1.499047133445847e-16	77.71938010256801	9.465415696578352e-17	1.0059788123407611e-14	72.95736659387421	9.927014800720065e-16	8.81588577565701e-14	79.02628405507262	3	5.305914613470142e-46	8.836963423138652e-44
EPX	69.33250791291945	5.931703565799982e-15	4.513743951499224e-13	86.1941774871659	1.4381522614401155e-18	1.8559868559692347e-16	79.18804084279648	4.58341647764432e-17	5.099176749414407e-15	78.2382420809606	3	1.6711705785119072e-45	2.744665568181015e-43
PHGDH	52.288416993358325	2.5997820815531288e-11	1.354712532496272e-09	92.85958937997671	5.324188217173473e-20	8.186788988406957e-18	71.72668321712494	1.821638111196421e-15	1.5898503653234977e-13	72.29156319682	3	9.502869407993247e-42	1.2916256407990825e-39
HLA-A	72.28909528430755	1.3803418073868465e-15	1.1121611133802587e-13	76.58850846599884	1.6542531034561063e-16	1.732650315750331e-14	58.23066205572986	1.4033410678236051e-12	8.935487402922127e-11	69.03608860201207	3	1.0696382219374785e-39	1.3455821249373068e-37
AKAP12	58.323272800790654	1.340870610580947e-12	7.887280622239336e-11	36.319206844263846	6.410495517020804e-08	2.40044824360152e-06	85.91173822047932	1.6536328016493518e-18	2.262348443770005e-16	60.18473928851129	3	3.881526617167206e-34	3.956814848965708e-32
B2M	51.693445394008094	3.4812793397159744e-11	1.7945433499568145e-09	53.285122969789064	1.5938889149927107e-11	9.519863792274645e-10	75.38983483188866	2.9891795891422487e-16	2.9381023456772946e-14	60.12280106522861	3	4.244281858919108e-34	4.2896267505742276e-32
TPM4	52.84913772769521	1.9742889977558867e-11	1.040081478597991e-09	50.90443553386571	5.126883409453765e-11	2.8501528000094123e-09	75.9809195555817	2.232812915734113e-16	2.3066324447849152e-14	59.91149760571421	3	5.756584938019509e-34	5.76878109254921e-32
OSM	54.599514667683465	8.358855941791206e-12	4.632642241034341e-10	26.951123788857604	6.0279066031475445e-06	0.0001555845750748	94.18087005421266	2.769142574901921e-20	4.380437410672976e-18	58.577169503584564	3	3.940554067646855e-33	3.850996020654881e-31
MDN1	41.69643615861458	4.65358749072216e-09	1.806420925548343e-07	80.44053654324972	2.4690999472101464e-17	2.878094406207698e-15	1.0514306655727128	0.7888099156798986	1.0	41.062801122479	3	2.969584515266053e-22	1.7557668446510535e-20
CARNS1	74.33870071502123	5.021486898870095e-16	4.298751463068436e-14				29.84740666607084	1.4859097106043687e-06	4.011559976042301e-05	52.093053690546036	2	3.353309892904397e-20	1.770218280517611e-18
UGP2	33.47504839615796	2.556954535310987e-07	7.566691384123995e-06	32.08818464891828	5.014224447386628e-07	1.6699447042056755e-05	38.09091649220007	2.7039361840786867e-08	9.990748148763731e-07	34.551383179092106	3	2.8630863673998e-18	1.3990081113430844e-16
ATOH8	86.2639130165723	1.3894203802193499e-18	1.549042163435247e-16				7.808106734243772	0.0501485874347799	0.2916164843134476	47.03600987540804	2	4.313328035238095e-18	2.0649839682870638e-16
GMFG	34.424903729097764	1.6114265643997808e-07	4.967960739377845e-06	23.391301149752827	3.346655014399716e-05	0.0007176936435924	44.78854784951528	1.0261358101314749e-09	4.700723503063823e-08	34.20158424278862	3	4.6724985983871045e-18	2.2279151583035286e-16
CST7	42.72393639150107	2.8165723448021648e-09	1.139463951137686e-07	30.54902924183888	1.0577363749753132e-06	3.2390935516722825e-05	29.087212722242626	2.1468935420416217e-06	5.6454935635401e-05	34.120059451860854	3	5.2372470758870135e-18	2.487166533026664e-16
PSMB8	47.205960494427345	3.142088584089401e-10	1.4210540256721306e-08	24.42535188939484	2.035921930645946e-05	0.0004569443413906	29.09145624204357	2.142489671503838e-06	5.648584748516889e-05	33.57425620862191	3	1.1236906714255447e-17	5.210840074355713e-16
C19orf10	30.870391157517147	9.051732134029093e-07	2.3908542066410725e-05	30.957869853015342	8.675890334249691e-07	2.714314261715261e-05	37.73680609853373	3.2133775336960155e-08	1.1495489099342208e-06	33.18835570302207	3	1.9267581070664874e-17	8.830974657388066e-16
PGM1	26.85322067473465	6.319587406852544e-06	0.0001389729450846	29.376525778137182	1.8663896524383137e-06	5.417027316534817e-05	42.495461848324325	3.149345610017847e-09	1.3567648917370502e-07	32.90840276706539	3	2.848336238152833e-17	1.2855563364945518e-15
DPP4	38.56242809158695	2.148576897633345e-08	7.331158467796625e-07	5.1127261568417355	0.1637264462584605	0.5848991730647032	54.893383932661145	7.235343190496897e-12	4.283661664362022e-10	32.85617939369661	3	3.0637125335635106e-17	1.3775057303950008e-15
CKAP4	29.385673839846522	1.8581435491881749e-06	4.627501389510706e-05	27.442390550775084	4.7550051154586195e-06	0.0001254175984285	33.284965800565736	2.804339152565837e-07	8.76269431499276e-06	30.037676730395773	3	1.5452298242182383e-15	6.257651599787899e-14
MAGEB1	43.10462983243732	2.338280736818907e-09	9.54018540622114e-08				38.010793892089616	2.8116413626976442e-08	1.031342650577933e-06	40.55771186226346	2	2.1015232221766567e-15	8.36717579199965e-14
PSMB10	14.890642128994553	0.0019125281047320001	0.0212976997307447	20.116409872691694	0.00016056931523500002	0.0029527593923751	54.24736837315674	9.937070609259806e-12	5.65184847461496e-10	29.751473458281	3	2.2973133764505807e-15	9.116017005546347e-14
SLC11A1							69.16510900628536	6.4419784760800114e-15	5.48055378922975e-13	69.16510900628536	1	6.4419784760800114e-15	2.4732595934950044e-13
CSRP1	35.392055982469245	1.0066867096633307e-07	3.144010479560918e-06	20.007683164200674	0.00016912124031799998	0.0030864626358036	27.86143607460676	3.883574475875614e-06	9.756155829718291e-05	27.75372507375889	3	3.626727312942557e-14	1.323643533195856e-12
TMEM206				74.44887481294673	4.755778322173099e-16	4.7736124908812486e-14	0.017641153112593	0.9993801137788572	1.0	37.23325798302966	2	4.9425506817999854e-14	1.776463884871879e-12
CADPS	2.2741504299359394	0.5174910781085515	0.9423940089087924	68.9910240351539	7.0192271848441905e-15	5.898599402891739e-13				35.63258723254492	2	2.2490167397692535e-13	7.533887520615135e-12
FOCAD	9.711255762503136	0.021186971412982	0.1478462022617699	49.77093700259322	8.938882478519619e-11	4.785281753500836e-09	14.651902133307544	0.0021396321854509	0.0250134367731014	24.71136496613464	3	2.34211279420516e-12	7.425062678679899e-11
RAB37	21.99302167743783	6.544957430182687e-05	0.0011535487470696	2.7203269677937265	0.4367839843761071	0.8906991690423607	48.797910394080745	1.4402908719110254e-10	7.14779646432707e-09	24.5037530131041	3	3.1073576918623164e-12	9.695119975269628e-11
CCDC178	41.44294259371149	5.267064865630883e-09	1.9960718550066763e-07	5.4800003016599845	0.1398397263068299	0.5367082857246205	25.35928756890953	1.2987352216447627e-05	0.0002877110587293	24.094076821427013	3	5.4246764187306526e-12	1.6447897090125631e-10
41158	24.524910183043122	1.9407116276688164e-05	0.0003852493392564	10.2917427779197	0.0162422633289044	0.1315951088318301	37.091463305692685	4.40084790443604e-08	1.5363511787762228e-06	23.969372088885173	3	6.4261580726848405e-12	1.92866292409894e-10
EGFR	9.280032578276419	0.0257903418298179	0.1699503762641197	3.0072704284746488	0.390505576967775	0.8617355128995756	58.784908737507656	1.068563170937868e-12	6.979440995209661e-11	23.69073724808625	3	9.380142155240458e-12	2.7592084822318014e-10
LINC00336	53.790120573912155	1.2438698564407928e-11	6.700125945817034e-10							53.790120573912155	1	1.2438698564407881e-11	3.6498166383157124e-10
AKT1S1	61.86787843466215	2.344717353849175e-13	1.4987433325803928e-11	1.338460441309265	0.7200211515449884	0.9930520729419142	7.130606328017347	0.0678493822132162	0.3538934289163323	23.44564840132959	3	1.3077611039660934e-11	3.8183395196047056e-10
CRELD1	13.441846894611366	0.0037722945745842	0.0381929887868147	28.04141531049195	3.5600587912710676e-06	9.636159132777531e-05	28.07645609401433	3.5002721506638466e-06	8.881392294065361e-05	23.186572766372553	3	1.857435124319491e-11	5.318201052076993e-10
ALOX5AP	33.08387616434539	3.092100955303611e-07	8.983958775591216e-06	14.396078012679856	0.0024127210683036	0.0296039646190675	21.6950435438107	7.54900307422648e-05	0.0013526744623622	23.05833257361198	3	2.2094151316559523e-11	6.280368733613374e-10
ASRGL1	27.783635586849236	4.032349225328364e-06	9.183411964952102e-05	24.79321063028625	1.705655565454075e-05	0.0003913261197313	14.94629725860624	0.0018631215078929997	0.0222957944987111	22.507714491913916	3	4.648948206804683e-11	1.3026969797503644e-09
PRSS57	29.588742483896546	1.6841722780684436e-06	4.227184241392731e-05	12.260099551950589	0.0065432604794133	0.0648671378391227	24.91934257544576	1.605183027348395e-05	0.0003457632546569	22.256061537097636	3	6.527270577971642e-11	1.803387256647539e-09
TPM1	25.390170978012645	1.2795579188549462e-05	0.000261586382217	16.850483389039372	0.0007585849284484	0.0112342075366735	23.458689116203903	3.240074487949525e-05	0.0006406741038281	21.899781161085304	3	1.0545566083882921e-10	2.834120885043535e-09
WWC3	48.695900142159566	1.514135099245671e-10	7.0132982278103825e-09	0.3439192669982338	0.9515674463706202	1.0	16.132697320272307	0.0010651131991152	0.0138780000358343	21.72417224314337	3	1.3354300259014632e-10	3.548642709277484e-09
CEBPA	23.411960836214966	3.313613570773684e-05	0.0006205259163394				33.935896597025305	2.0438919223176023e-07	6.486633799856867e-06	28.67392871662014	2	1.5534025694935684e-10	4.0549636609848665e-09
CELF2	17.431070827237207	0.0005761695596977	0.0076940302762982	23.26787086187925	3.5510136407572504e-05	0.0007592655497559	24.105465934180692	2.3744980644131923e-05	0.0004836905111492	21.601469207765717	3	1.5747863486707624e-10	4.1017287605796835e-09
FSD1							46.545254038733404	4.342613856098961e-10	2.0738029565634847e-08	46.545254038733404	1	4.342613856098932e-10	1.0949127686219592e-08
RNASE2	23.84967888731241	2.6851673172362198e-05	0.0005108211158266	16.20555804331892	0.0010290813685687	0.014469204378689	22.25526679071849	5.7720345682676145e-05	0.0010722216141126	20.770167907116605	3	4.798164427879551e-10	1.2071977523335253e-08
IGLL1	24.4091895061321	2.051811866545911e-05	0.0004039583609125	9.16518206345341	0.0271734373241395	0.1921550210778436	27.57609411611473	4.457625511775215e-06	0.0001114296313116	20.38348856190008	3	8.042231037651225e-10	1.973016224486011e-08
DMRTA1							43.07361863656754	2.3740024366947608e-09	1.0359655460817996e-07	43.07361863656754	1	2.3740024366947604e-09	5.536997793671705e-08
ZFP92	42.67050371914206	2.8911048181629663e-09	1.1647022267456524e-07							42.67050371914206	1	2.8911048181629663e-09	6.664193854732371e-08
LIG4	49.930630658304025	8.265620259018023e-11	4.043406481809429e-09	3.0792585221082915	0.3795657712960553	0.8534915460972595	5.079102683379664	0.1660956524482661	0.5986302546764852	19.36299728793066	3	3.12492417046937e-09	7.147432943094836e-08
ETV6	15.179600813699537	0.0016694253357866	0.019078009677619	16.397798313333794	0.0009397195110935	0.0135016956395085	25.11251400355784	1.462629984126352e-05	0.0003198199991208	18.89663771019706	3	5.793509924308694e-09	1.2853331117251466e-07
CD84	23.75600041726752	2.8088131764997126e-05	0.0005322312398474	17.07765646210343	0.0006812214342244	0.0103428304729835	15.484024877531269	0.0014464341737842	0.0181233905636034	18.772560585634068	3	6.8254156475743425e-09	1.5001959113859965e-07
SCARB2	26.148627320688682	8.877865631220504e-06	0.0001874911358417	12.659273089661633	0.0054344963841437	0.0557885019434758	16.761212353110164	0.0007913219369383	0.0108554787121457	18.52303758782016	3	9.486424625016509e-09	2.0470250217302964e-07
KLHL5							39.84805090937859	1.1475314396144985e-08	4.55592482143419e-07	39.84805090937859	1	1.1475314396144985e-08	2.4627149316590645e-07
LIF	27.99353093115277	3.6434098350995568e-06	8.417593614201096e-05				19.928688736056106	0.0001756175194397	0.0028956869166258	23.96110983360444	2	1.2246626848225873e-08	2.6187407320121327e-07
APOA5							39.602827819193294	1.2934109745914217e-08	5.017047014085652e-07	39.602827819193294	1	1.2934109745914217e-08	2.7508245997380506e-07
PPP2R3A							38.547058653589744	2.1647410086656143e-08	8.239036831477696e-07	38.547058653589744	1	2.1647410086656143e-08	4.436405966632736e-07
IGFBP7	25.34626989660007	1.30690426002548e-05	0.0002666084690451	0.7252128383879642	0.8672582175556165	1.0	26.953110356741387	6.0221292079714385e-06	0.0001444740191978	17.674864363909805	3	2.8916858682394685e-08	5.855168731495158e-07
PSMB9	23.950983959850106	2.5575543951829958e-05	0.0004894577153895	9.135405137058251	0.0275437337542513	0.1936367352548388	19.794323008566774	0.0001872428871888	0.0030673899512935	17.626904035158375	3	3.079133017619821e-08	6.202853140264802e-07
LCP2	13.71156758685615	0.0033252448380151	0.0341353827696882	15.53497187126323	0.0014121184706099997	0.0189691081544585	23.17798894036355	3.7076090754057036e-05	0.0007204574717736	17.474842799494308	3	3.7570274165091466e-08	7.504535337875109e-07
NR2E3	36.78508572418726	5.1092212688798544e-08	1.683409399519589e-06							36.78508572418726	1	5.109221268879854e-08	1.0019326949337358e-06
GPX7	5.965689335057997	0.1132914981321287	0.4616399847389928	12.55470693977434	0.0057055624139514	0.0581581094014489	32.630396390896586	3.85386210744432e-07	1.1823181810838267e-05	17.05026422190964	3	6.539824257024572e-08	1.269842723141471e-06
ATP2A3	20.034687566289747	0.0001669557944904	0.0026768765176822	13.806927868316967	0.0031800914442864	0.0369493904627939	16.8691179387995	0.0007519230397975	0.0103853599657718	16.903577791135405	3	7.91650995206128e-08	1.524637299399424e-06
DENND4B	24.13839643643788	2.3371981234143e-05	0.0004536246074351	1.0725001496534123	0.7837164575629842	1.0	25.33573515028037	1.3135526689645302e-05	0.0002903582362575	16.84887724545722	3	8.500536972641851e-08	1.6291547763612626e-06
FYB	9.869657250225169	0.0197072181440668	0.1393457282930033	27.397135783535088	4.860077577450607e-06	0.0001277228387354	11.704890063312778	0.0084655829284201	0.0765912078349646	16.323894365691014	3	1.6802280168458787e-07	3.089999424448292e-06
PLAU	19.009293823578037	0.0002721918296013	0.0041163647669056	10.755079288772853	0.0131267278830083	0.1133415321511362	18.966297743257012	0.0002778208937818	0.0043607112072053	16.243556951869298	3	1.8643541738273445e-07	3.423290078495085e-06
PACAP	28.911768105566182	2.337095698223836e-06	5.672930013815226e-05	9.44719090573076	0.0238998479050659	0.1757112927872952	9.946675548088667	0.0190248939418882	0.1434162518746662	16.101878186461867	3	2.2391736190429602e-07	4.0924618307856265e-06
NUCB2	14.215030240921022	0.0026266013785196	0.0280756455041761	19.2856886567744	0.0002386196495118	0.004185689822869001	14.695859167137067	0.002095897526117	0.0246731006446619	16.06552602161083	3	2.346842985363319e-07	4.276027473331471e-06
RRBP1	22.02138032183278	6.456633525679473e-05	0.0011400773893962	4.6855379298782305	0.1963258549191515	0.6371113396949745	20.76572597470887	0.0001177528050647	0.0020035788209679	15.824214742139961	3	3.2040298481496985e-07	5.7145781228311e-06
PTMA	13.031530353960099	0.0045689130169868	0.0442492303099696	17.962689019175667	0.0004477122140868	0.007080122912922	16.188471417581255	0.0010374210210465	0.0135695741822679	15.727563596905673	3	3.628799222533875e-07	6.395015023317895e-06
MYPN	32.595819748437535	3.9191071645070403e-07	1.1117277956595714e-05							32.595819748437535	1	3.9191071645070403e-07	6.886098398260886e-06
IMPA1	12.360704533536165	0.0062443549991137	0.0571286982170825	12.085298889764047	0.0070966018125039	0.0686574850053092	22.026195158602537	6.441755921751435e-05	0.0011857515809419999	15.490732860634253	3	4.920664840530017e-07	8.519306257579422e-06
CR1	20.161579205932988	0.000157144368446	0.0025365323310783				19.65545305659163	0.0002000632046591	0.0032511073578957	19.90851613126231	2	4.948231697750978e-07	8.542020412540922e-06
MASP1	14.079935716732352	0.0027983411906131	0.0295490036735671				25.653270238659506	1.1272222708777882e-05	0.0002541647721685	19.86660297769593	2	5.139415683651738e-07	8.846228596678572e-06
CLTCL1	30.84139502773049	9.179862085679077e-07	2.4180361999310707e-05				8.790878636067777	0.0322044394333817	0.2129573774157781	19.816136831899133	2	5.379383509000982e-07	9.20567438407187e-06
NRG2	31.438356495037173	6.872676216035172e-07	1.861446880207492e-05							31.438356495037173	1	6.872676216035172e-07	1.1693438310016676e-05
FAM150B							31.209344357918845	7.679986136454226e-07	2.1779322029541338e-05	31.209344357918845	1	7.679986136454226e-07	1.284523848141036e-05
CD34	26.68776375540584	6.8448773296304235e-06	0.0001491560996284	7.180400840005758	0.0663647405298649	0.3433199569143408	11.006875239042035	0.0116887565915222	0.0991096915683176	14.958346611484544	3	9.730843523642227e-07	1.5937288735051154e-05
FLI1	13.477664391378553	0.0037096649236123	0.0376782492453342	19.150687010303127	0.0002544686736754	0.004410180107080999	11.5909455637516	0.0089242130557363	0.0801674649301465	14.73976565514443	3	1.285978406248222e-06	2.054958737011517e-05
IFIT1B	30.05335269370039	1.3448505898615325e-06	3.438513988157966e-05							30.05335269370039	1	1.3448505898615325e-06	2.1403577691941614e-05
IQGAP3	2.810132762792127	0.4218345991092034	0.8830895494015376	25.307365290575262	1.3316248671222668e-05	0.0003218613014947	15.494955384118896	0.0014390027959955	0.0181425458364366	14.537484479162094	3	1.6634864348637597e-06	2.595082729850127e-05
SASH3	6.641431894717486	0.0842485846450324	0.3835590833696919	12.736110069646854	0.0052434686682899	0.0543680746997577	24.031234549131216	2.460769645069718e-05	0.0005002576684073	14.469592171165187	3	1.81333984234873e-06	2.8066418371431593e-05
TIMM21	27.3279747162393	5.0251470367037365e-06	0.0001131011966852	4.159597142109895	0.2447382358052749	0.7097605257482832	11.728074723852078	0.0083751535380732	0.0761815403588982	14.405215527400427	3	1.967757411545559e-06	3.033732906326758e-05
PLP2	17.10826561786781	0.0006714156017996	0.0087229441599658				19.038529627839104	0.0002684292254651	0.0042264035437159	18.073397622853452	2	2.581317499541654e-06	3.89337747858164e-05
UVRAG	40.78911854505103	7.248505529710546e-09	2.693746938715686e-07	1.0366476226544292	0.7923852796777223	1.0	0.7434297582990154	0.8629443494629252	1.0	14.189731975334823	3	2.5856681858354512e-06	3.8949715028667795e-05
GGH	12.626605557589615	0.0055177829702804	0.0518671599206363	17.02939509442643	0.0006969721384308	0.0105376938168199	12.584941958865757	0.0056258390396265	0.054818088967449004	14.080314203627264	3	2.9694498877960006e-06	4.4391586502133646e-05
PLS3	18.179755131017252	0.0004038522031835	0.005644511551201	8.461136156441025	0.0373834561471735	0.2363694117022078	15.459924163210905	0.0014629544973549	0.0183077272326591	14.033605150223062	3	3.1499836496235575e-06	4.691253987002339e-05
SPRED3							27.954478044508985	3.7128273450609184e-06	9.397166010349184e-05	27.954478044508985	1	3.7128273450609184e-06	5.474337076726353e-05
MAP7							27.29915815573845	5.0955643253158925e-06	0.000124909184575	27.29915815573845	1	5.0955643253158925e-06	7.375158891904582e-05
FNBP1	31.38629178643661	7.04843437459083e-07	1.8983255276285642e-05	1.4850745198479671	0.6857193829936192	0.9887657583589158	7.637065636920796	0.0541392911452758	0.3080979109357912	13.502810647735126	3	6.1447772162625925e-06	8.775602727331539e-05
TREX2	6.5350960544871874	0.088288630823287	0.3964924554256097	1.839363707304266	0.606406643305051	0.9646711008508922	31.516751686967	6.616250268890152e-07	1.919281310092948e-05	13.297070482919484	3	7.951223537938969e-06	0.00011153406682814743
HVCN1	10.11557237292519	0.0176088475258441	0.1289790909685209	4.981527790962449	0.1731547781713405	0.6027888159172823	24.653667891369327	1.824130355006317e-05	0.0003887893834543	13.25025601841899	3	8.430577176314396e-06	0.00011797819539635237
ATL1	32.58959301114524	3.930973448007925e-07	1.1118045256489666e-05				0.8527438323311552	0.8368141696943958	1.0	16.7211684217382	2	8.618352733342868e-06	0.00012032115829017642
DNMBP	0.3435821350847353	0.9516338492947573	1.0				32.787936737554816	3.5700462664483954e-07	1.1019252561440104e-05	16.565759436319777	2	9.892161200483008e-06	0.00013649335612101702
LAIR1	9.912379374083141	0.0193258164920874	0.1372562433526925	8.605811527340792	0.0350179804302602	0.2288200222147293	20.642216160093888	0.0001249124312719	0.0021147382177209	13.053469020505938	3	1.0778038130465911e-05	0.0001476828515559205
PSME1	12.948765858036245	0.0047487224220938	0.0458979340554797	14.71013469016882	0.0020818858334279	0.0262121758156517	11.342043010428954	0.0100130588347791	0.0880731604198995	13.000314519544673	3	1.1516052668887085e-05	0.00015598776954133998
GAMT	6.703541961667451	0.0819718331473633	0.3778586231812115	16.062792865209012	0.0011008598851226	0.0153293148165342	16.228082713096217	0.0010181891699256	0.0134395660447552	12.998139179990892	3	1.1547296637453153e-05	0.00015623201686256694
KCNQ3	25.25209477376645	1.3675483870014235e-05	0.000277797752851							25.25209477376645	1	1.3675483870014223e-05	0.0001823140887969765
GPT2	12.201864932385096	0.0067226969253797	0.060751383713988	12.402115200236905	0.0061252788445929	0.061142804157283	13.287516004285	0.0040543468116175	0.0420124944941822	12.630498712302337	3	1.823019278274386e-05	0.00023793822257830698
DBN1	4.6245566520994865	0.201445581612708	0.6399801976483248	7.273259448560937	0.0636797213026728	0.3351881615836973	25.91839690169065	9.920074629739297e-06	0.0002267061750597	12.605404334117026	3	1.8805580446593653e-05	0.00024463805146421335
ALCAM	18.10759884993795	0.0004179359544626	0.0058328528841161	7.945674444796213	0.0471478954589294	0.2756778644673811	11.739359957876328	0.0083314823935955	0.0759207270501901	12.597544417536831	3	1.898946048236945e-05	0.00024675864857584475
N4BP3				24.44522478058063	2.016552089991913e-05	0.0004540069144664				24.44522478058063	1	2.016552089991913e-05	0.0002611799393664225
PCDHGC4	7.328538238156264	0.0621316302747005	0.3168713144009726				24.11273018794721	2.3662192595237184e-05	0.0004829758827302	15.720634213051738	2	2.087571785211196e-05	0.00027008245470593425
CMTM6	26.516670548302603	7.4338918073550336e-06	0.0001598120059392				4.89925558527185	0.1793245406247208	0.6202533820583102	15.707963066787224	2	2.1110003085288108e-05	0.0002728150671951168
PSME2	12.643096702746119	0.0054755818568076	0.0515209802189124	17.004246437663323	0.0007053226081887	0.0106195135195423	7.559867742255922	0.0560399834829615	0.3155443786326486	12.402403627555122	3	2.41691224237246e-05	0.00030897283530869555
LIMD2	15.156487729674152	0.0016876868119646	0.0192179823671227	4.36943573512277	0.2242361923675687	0.6789086561543443	17.55208295460806	0.0005440356006145	0.0078236028702011	12.359335473134994	3	2.5487942868974372e-05	0.0003251293683124293
ACTN1	11.541783311852448	0.0091295868873009	0.0767173348601589	14.846290721764884	0.0019528287275791	0.0248033272657547	10.51520973962427	0.0146580748844895	0.1182456973151969	12.301094591080535	3	2.7384930392763612e-05	0.00034708124533165024
CHCHD6	0.5785115794344095	0.9013335482719894	1.0	1.7988305389988994	0.6151894566803435	0.9677784508987468	34.094639456634866	1.892107639078989e-07	6.061929663935342e-06	12.157327191689394	3	3.2684557110146536e-05	0.0004102918129803427
RUNX1	11.634367274895606	0.0087466169314308	0.0740181492838118	8.716981410171138	0.0333003288222396	0.2218078123486875	15.542702394578175	0.0014069826145801	0.0178276495494483	11.964683693214972	3	4.139995416160133e-05	0.0005126224690690426
ERAP1	11.740109418725147	0.0083285901347194	0.0711082121208284	15.09047273566026	0.0017409434247355	0.0225480253235905	8.946110555829101	0.0300160230771513	0.2020493468305051	11.92556423673817	3	4.3431441251074495e-05	0.0005355336734034993
STK35							22.83036180721766	4.380790096769367e-05	0.0008368135648998	22.83036180721766	1	4.380790096769367e-05	0.0005396129468156017
ST3GAL4	19.883273328848592	0.0001794641863485	0.0028347654344485	2.6345649429091282	0.4514620634332126	0.8965969586237504	13.100043740033453	0.0044251750368395	0.0451617662025847	11.872627337263728	3	4.633766332184303e-05	0.0005684054655402424
ASAH2B				22.71280483637616	4.634960795058519e-05	0.0009653274255299				22.71280483637616	1	4.634960795058519e-05	0.0005679628124514713
REEP2				22.342858866227388	5.534695220107992e-05	0.0011267392212879				22.342858866227388	1	5.534695220107992e-05	0.0006644443754089038
STK16				22.178688747633327	5.98782167000823e-05	0.0012087705924343				22.178688747633327	1	5.9878216700082396e-05	0.0007109035265848134
ATP9B	24.67171333199618	1.80835918494816e-05	0.0003597209100681	2.0771367879917544	0.5565519767807681	0.9472918361268512	7.9687864401335755	0.0466612198179456	0.2777179244190957	11.572545520040505	3	6.68169135880196e-05	0.000785397617473491
SSR4	12.378183413467696	0.0061938180206561	0.0567746913786339	16.979068821756876	0.0007137822795285	0.0107245416510456	4.999327774753748	0.1718463745501716	0.6083121314496286	11.45219333665944	3	7.733718736604153e-05	0.000900110473034883
BBS10	27.55246057737677	4.5088063850583586e-06	0.0001024417905685				0.7098692375091876	0.8708801863325668	1.0	14.13116490744298	2	8.385337350645306e-05	0.0009683263102673904
LARP6				9.732670130912414	0.0209807201997769	0.1587724239620814	18.319140273764354	0.0003779693476918	0.0057369740270347	14.025905202338386	2	9.187500190336983e-05	0.0010517152928435124
RAB3D	15.044190148257732	0.0017792721854163	0.0201175256058626	1.9042286836122904	0.5925203129680074	0.9584029323679027	16.351408660140507	0.0009605512310625	0.0128462624349766	11.09994249733684	3	0.00011841240189924162	0.0013234656450458715
DST	23.38439394170255	3.357774926672823e-05	0.0006275700974062	3.6355166241376162	0.3036066968656739	0.7836305708029376	6.192465808291192	0.1026127147484991	0.4564372250060657	11.070792124710453	3	0.00012264479676883308	0.0013592077992422222
FKBP11	12.498739139331029	0.0058560967302601	0.0545128693686737				14.860483862070847	0.0019398410939316	0.0230504122476105	13.679611500700936	2	0.00012400238809591734	0.001371682169536223
IRF5	22.704176256739693	4.65418541440122e-05	0.0008419684859109				4.400818030539581	0.2213095487424997	0.6868601690585736	13.552497143639636	2	0.00013839367160438842	0.0015237478274877964
MYOM1	21.002005295577348	0.0001051752800186	0.0017722681631258	7.327358836256057	0.0621642754715778	0.3300964135437861	4.343405641750453	0.2266907173755214	0.6950384078466926	10.890923257861287	3	0.00015224945600357073	0.0016669905715205775
PPP1R37	4.003504933077658	0.2610859091361475	0.7250663857486987	15.7414279545315	0.0012811380051387	0.0175355764453368	12.69803855763231	0.0053372748979442	0.0526139932490628	10.81432381508049	3	0.0001668933264801262	0.0018122255148094516
SYCP1	7.661550508566798	0.0535496404877654	0.2900756796591497	8.477413469314582	0.0371097168611897	0.2362924438377251	15.778643220868693	0.0012588450832587	0.0161938343366095	10.639202399583356	3	0.00020576492176283635	0.002190072187079694
DNMT3B	18.84247623599125	0.0002946869599802	0.0043873580315069	7.598716339546638	0.0550755277903662	0.3052383737277427	5.371949799738637	0.146501222622815	0.5605360460443611	10.60438079175884	3	0.00021449179389166397	0.0022666358022957337
TMPRSS6							19.477567162112774	0.0002177692966288	0.0035050816519405	19.477567162112774	1	0.00021776929662886354	0.0022971649711296268
KRT32	20.859626323926424	0.0001125843351033	0.0018838719109432				5.010963870368776	0.1709960740159627	0.6063622603634349	12.9352950971476	2	0.00023534541178265675	0.0024671626722782944
HMSD	25.243796340833907	1.3730248195837128e-05	0.0002783205490521				0.6101215716279449	0.8941114119965587	1.0	12.926958956230926	2	0.0002370330975144814	0.002480456971777648
SOAT1	18.55033769276474	0.0003386257853635	0.0049044471753252	4.591312431076038	0.2042886132947539	0.6498212184336211	8.034032913955754	0.0453135593970333	0.2724195221707635	10.391894345932178	3	0.000276172749985522	0.002844723666009405
DOT1L	24.697726258306	1.7858635949337713e-05	0.0003559846184662				0.546685890658397	0.9085213204240846	1.0	12.622206074482202	2	0.0003076412458244657	0.003125307329788925
CNN3	2.31455435574681	0.5097384144199546	0.9373555652969936	14.433628500336221	0.0023705717446827	0.0292357030696631	13.81440943878736	0.003168972544625	0.0342397844629494	10.187530764956797	3	0.00035175579104913666	0.003525010363691561
RIN2	18.348456011123968	0.0003727392851758	0.0052945544685418							18.348456011123968	1	0.0003727392851758206	0.0037039008800034273
MAP1A	14.624599195088571	0.0021672513917385	0.023666977612744	12.650756075728331	0.0054560901069401	0.0559307279473136	2.9828793954195585	0.39427237596216097	0.8677420726610693	10.08607822207882	3	0.0003964640421674591	0.003910081149816683
YS038				18.213504049540614	0.0003974279586401	0.0064689456240821				18.213504049540614	1	0.0003974279586401662	0.003916321342433304
DDX31	24.322658391420042	2.1390109024183883e-05	0.0004194036100692	1.2966779872675789	0.7299220719450871	0.9971922143567379	4.46366712578628	0.2155540825682689	0.6773027721667149	10.027667834824632	3	0.00042467968706684885	0.004146851609880667
FAM71A	9.535990404440462	0.0229515492896816	0.1570731296141809	14.93768596883184	0.0018706823566283	0.0240559099490267				12.236838186636147	2	0.0004271877895312457	0.004167900669312689
ANKRD62				21.39470701132102	8.71621371380679e-05	0.0016842801205797	3.064790274435828	0.3817432651534755	0.8590284099608326	12.229748642878427	2	0.0004297690027185835	0.0041896277470298855
SORL1	1.304917999967743	0.7279655810368171	1.0	17.409127850690407	0.0005821952433953	0.0090096895589253	11.154239445498485	0.0109204224543113	0.0940122082716395	9.956095098718876	3	0.00046194204101485364	0.004466446962388098
OCLN	21.186348975180877	9.629930542861872e-05	0.0016341906910612				3.0008659889882057	0.3914916770732736	0.8658572886269409	12.093607482084547	2	0.0004824223971036669	0.004645476258754773
FAT3	7.888438446074474	0.0483745014397644	0.2718726376345026	16.177556829535867	0.0010427833163125	0.0146333884019234				12.032997637805169	2	0.0005078593580855224	0.004870589545305194
QSOX1	10.497008169262607	0.0147812061951037	0.1115044885906019	15.194014209975474	0.0016581368133874	0.0217483752274979	3.724483041034444	0.2927930556448909	0.7769952543509502	9.805168473424176	3	0.0005513032800030773	0.005248922130464082
GORASP2	11.638002926861704	0.0087319062687212	0.0739589375481441	13.568345197479658	0.0035556686000386	0.0400886380225881	4.097120469398088	0.2511660456328782	0.7273469811176372	9.767822864579816	3	0.0005759013820603081	0.005465516727819536
TUSC1				17.306848106733206	0.0006111188140371	0.0094169630470069				17.306848106733206	1	0.0006111188140371214	0.0057581513752900096
FBXL19							17.281182474732294	0.0006185981814557	0.0087467709344388	17.281182474732294	1	0.0006185981814557709	0.005819350434140407
HDGFRP3	2.8162571345493252	0.4208306908398775	0.8823364670397433	4.233962717807343	0.2372834940988204	0.6987969893448147	22.06316966487217	6.328638884915473e-05	0.00116705173171	9.704463172409612	3	0.0006201088665130262	0.005828924758757183
PJVK							17.18270855049089	0.0006481488745721	0.0091390796743286	17.18270855049089	1	0.0006481488745721031	0.006063576298904365
SMTN	17.148692757428986	0.0006586791930177	0.0085690856209684							17.148692757428986	1	0.0006586791930177057	0.006142650991667483
GNGT2							17.098467534717006	0.0006745391161646	0.0094716144411247	17.098467534717006	1	0.0006745391161646505	0.006280649644603931
ARRB1	6.9563855585147065	0.0733009819962592	0.3514049076900667	12.476175539394276	0.005917889900560001	0.0594008198768714	9.362142942393428	0.024844068810714	0.1758890577899786	9.598234680100804	3	0.0007017728492769669	0.006513707961303088
TTC29				12.58725565587174	0.0056197838812247	0.0574457964775267	10.661086643472249	0.0137070395245682	0.11263804232689001	11.624171149671993	2	0.0007174289979804787	0.006648587696801852
DNAH8	8.178256769998454	0.0424678089762944	0.24617977779003103	18.03562842438224	0.0004324698598761	0.0069300658033805	2.2470447679181027	0.5227415569998459	0.9462248387388592	9.486976654099598	3	0.0007985470754562927	0.0073772024744302046
XKR8	16.608517824102414	0.0008506028553776	0.0107169253316171							16.608517824102414	1	0.0008506028553776221	0.0078032418656636
HMHA1	7.204155600311622	0.065667612765271	0.3286122501009494	11.707402259461615	0.0084557379840864	0.0787495082615882	9.37252338882902	0.0247268913973547	0.1754275042094042	9.42802708286742	3	0.0008549798103856422	0.007837314928535054
TNNT2	15.711670812277145	0.0012992449292076	0.0153982204959741	6.903240029591202	0.0750466298784757	0.3740427545736168	5.667937103681639	0.1289321179694494	0.5192158959119755	9.427615981849994	3	0.0008553867016830896	0.007834971144386159
FLNA	7.921868080643579	0.0476543591464251	0.2689287789852411	11.345965967061325	0.0099949209120037	0.0902916167888141	8.900129187799198	0.0306486195376513	0.2050803861197503	9.389321078501368	3	0.0008941291832826137	0.008145668407023809
HDC	8.995310422425483	0.0293533020466344	0.1873764713869047	16.018233427517494	0.0011242651494725	0.0155951328891324	3.1104963951380644	0.3749005714819203	0.8544559625580732	9.374680081693679	3	0.0009093889995060447	0.008246568189539095
SPATA7				3.0325696337951364	0.3866307882670096	0.8592191595343416	19.552928128209764	0.0002100853495419	0.0033921915131778	11.292748881002453	2	0.0009478814595526193	0.008556258213137194
PPIF	4.3854650723435284	0.2227369027223157	0.6715727746231329	11.795455942583684	0.0081177187760756	0.0759932041382103	11.40408165324013	0.0097299873177818	0.0861069856689017	9.195000889389117	3	0.001118633999718948	0.009878899960176669
ADCY4	2.7354916754176872	0.4342295119017997	0.8909464070435384	9.204661272918806	0.0266899987777049	0.1904132489303786	15.423398369509089	0.001488349474549	0.018556711921594	9.121183772615195	3	0.0012175796462616788	0.010641448127896788
MEF2C	13.947518732497196	0.0029774660994410004	0.0310641403280095				7.822108186333839	0.0498348818544484	0.2906269262064722	10.884813459415517	2	0.0013329202508803168	0.011471457035414662
CRTAP	6.959179102983631	0.0732103173728344	0.3511458344025695	12.492092679801331	0.0058742322858899	0.0593749324896881	7.6219859448704295	0.0545055782060757	0.3098340672421735	9.024419242551797	3	0.0013602649426184726	0.011672810556214394
FLNC	8.32791365803204	0.039699238810050004	0.2338060821319161	8.806898686881889	0.0319715582753036	0.2147383379699065	9.894543899670165	0.0194841526151708	0.1463335022818912	9.009785414861364	3	0.001383213045656823	0.011843949503904369
SARDH	4.406701821182148	0.2207647766465091	0.6711137217776568	17.23255721462794	0.0006330186961553	0.0097336725896059				10.819629517905042	2	0.001407245754866848	0.012023613476373176
EIF2AK3	21.038856941570717	0.0001033380451043	0.0017474518103352				0.5836860714573471	0.9001567063645785	1.0	10.811271506514034	2	0.0014170648740942323	0.012090037616280157
LAS2	15.45917990498915	0.0014634676340716	0.0169670225821999							15.45917990498915	1	0.0014634676340716851	0.01245000343373934
ADARB2	15.229139034988814	0.0016309433652876	0.018772490980046002							15.229139034988814	1	0.0016309433652876854	0.013677947017394951
MYO1G	7.761797612062954	0.0511998973315396	0.2824537489153062	11.804312013524337	0.0080844698161974	0.0757801081214771	6.818931658561809	0.0778985241985576	0.3854568225738992	8.795013761383034	3	0.0017665748147092247	0.014577632368413525
MNS1	18.826774945745445	0.0002968971922511	0.0044065793797273				2.257879506482212	0.5206380630440077	0.9447821742709328	10.542327226113828	2	0.0017714541026548718	0.014597522483549728
MYH13	20.66396827259889	0.0001236207838393	0.0020506506495709				0.4043575834901052	0.9393408562771424	1.0	10.534162928044498	2	0.0017834691235110453	0.014676076816644476
PPP1R26	2.8957211896287465	0.4079839205512793	0.8694709558225531	8.291112316364709	0.0403632543572056	0.248895255323827	15.148184650808913	0.0016942952876938	0.020666319870617	8.77833938560079	3	0.0018003191123976273	0.01477361103685076
FAM200A	14.974410273793788	0.0018386482401111	0.0206670097610619							14.974410273793788	1	0.0018386482401111606	0.015035971949733381
MAGED1	10.665546120869863	0.0136789444285347	0.1050069809293763				10.326000952038317	0.015988901610768998	0.1253846939639236	10.49577353645409	2	0.0018410424719458808	0.01504514666949553
AUNIP	7.289087563165668	0.0632326734583619	0.3207803561474994	11.266725234758933	0.0103676566891757	0.0928464125064105	7.6052079653775815	0.054915946700415	0.3119916074046028	8.72034025443406	3	0.0019226362348358167	0.015604099846900163
FHL1	6.4524235850880665	0.0915578024545649	0.4052891089263014				14.180875981720483	0.0026690072474778	0.0299236205686221	10.316649783404275	2	0.0021346155779083512	0.017136340263928206
KIFC3	17.953218447373462	0.0004497300922661	0.0062132739548241				2.5667132829252832	0.4633550440169657	0.9172871461923664	10.259965865149374	2	0.002236709311355286	0.01790730372835224
EIF1AD	0.4683714282779007	0.9257830513064988	1.0	0.6120651167258784	0.8936648711958609	1.0	24.66537050462389	1.813887070575313e-05	0.0003874217869726	8.581935683209222	3	0.0022479935702039737	0.017973308970697766
SNX20	7.973464337451228	0.0465633130401088	0.2641710327979664	12.524524947456715	0.0057862599957106	0.0588147693234889				10.24899464245397	2	0.002257013681505207	0.018008897964776702
DNAH14	5.224941586472196	0.1560476400810794	0.5553766789522604	11.348173342270858	0.0099847292916701	0.0903124387871088	9.097462788495653	0.0280227423354521	0.1918203133225948	8.556859239079568	3	0.0023123969025064524	0.01838876487702676
YR010	14.448616969287427	0.0023539522149599	0.0254449761409651							14.448616969287427	1	0.0023539522149599603	0.01865649124792328
RAB7L1	5.455828336514921	0.1413045722591476	0.5251272243491113				14.862316555126126	0.0019381703202486	0.0230576220002323	10.159072445820524	2	0.002430360938655692	0.019210573595991685
KIAA0141							14.341128727312267	0.0024757425350689	0.0282256952984662	14.341128727312267	1	0.0024757425350689505	0.019517103651460227
ELAVL3	18.829572857214266	0.000296502133077	0.0044075386851828				1.3871226469900162	0.7085560113733456	1.0	10.10834775210214	2	0.0025338134649515428	0.01993502609650832
C19orf77	6.648284850857288	0.08399441811252	0.3827654376724536	4.2684668143763576	0.2338958307454146	0.6950514674330227	14.421152313042755	0.0023844942831291	0.0274637316523319	8.4459679927588	3	0.002619270761648923	0.02053904294197514
CES4A							14.12341804786834	0.0027418832108163	0.0306050999187479	14.12341804786834	1	0.0027418832108163176	0.02137295251674552
GIT2	9.158124601380734	0.027260758178392002	0.1774447721754396	2.9898213996299985	0.3931971800154118	0.8626703157168735	13.048444897779063	0.0045330032408189	0.0458462785315195	8.398796966263268	3	0.0027614440833381697	0.021482944924653857
KCND3	14.049063084526589	0.0028391244846957	0.0298481639904201							14.049063084526589	1	0.002839124484695781	0.02191426046444361
NALCN	2.790788518120753	0.4250185366938106	0.8853090875125474	16.38073414908971	0.0009473296406744	0.0135571313131771	5.9340128388172175	0.1148651526377709	0.4886112627331062	8.368511835342561	3	0.002856629191822248	0.02202062594087228
FAM21C	0.8035527986330503	0.8486170634142038	1.0	15.684499946227923	0.0013159999072512	0.0179109817885216	8.602823529203924	0.035065322236275	0.2255408655146435	8.3636254246883	3	0.002872281402239756	0.022112452852529368
RIMS2							13.984576599386132	0.0029262220057902	0.0323417812081005	13.984576599386132	1	0.0029262220057902147	0.022469204687317727
PAWR	1.0083225391471693	0.7992381576495583	1.0	15.778473932590465	0.0012589456142942	0.0172645160427034	8.124023588977696	0.0435168598879001	0.2642859565117583	8.303606686905109	3	0.0030714303530079675	0.023266921155873938
TDRD5							13.858470550186608	0.0031042671644467	0.0337568214531244	13.858470550186608	1	0.003104267164446745	0.023470562160858542
TNFSF13	9.579751685670272	0.0224978980449731	0.15485272538061903				10.078589642518681	0.017909772738701	0.1371547195208846	9.829170664094477	2	0.0031848828463435976	0.02394230111761796
KLHL32							13.710579506467884	0.0033267826961985	0.03579208078248	13.710579506467884	1	0.0033267826961985137	0.024913999608959736
ALOX12B	11.26376707946526	0.0103818336875223	0.0845718108716772				8.245210540001835	0.0412066719912056	0.2537569022134829	9.754488809733546	2	0.0033850703581983304	0.0252545469941295
HSH2D	12.363553294412599	0.0062360906141136	0.0571075805235165				7.1225175894750326	0.0680935665689652	0.3548014760392198	9.743035441943816	2	0.003416836905314938	0.02541138138701204
LRRFIP2	3.380135281315288	0.33664413000753296	0.8118068205513649	1.6821451571907904	0.640910604424874	0.9804955415280618	19.20887337751149	0.000247513140147	0.0039276223054055	8.090384605339189	3	0.003892592531204601	0.02843107268776677
APOL1	2.5082252160674527	0.4738064364375146	0.9140555558476641	5.043394521483939	0.16864702271371398	0.5971641514708533	16.53930446288534	0.0008789071548247	0.0118482770112456	8.030308066812244	3	0.0041598525742534845	0.029994058957650883
SHCBP1L							13.212820338421615	0.0041982597996652	0.0431066756712078	13.212820338421615	1	0.0041982597996652405	0.03023411822840528
FOSB	13.169828645681381	0.0042833708873335	0.0423828277273							13.169828645681381	1	0.00428337088733352	0.030753406644030888
GRM6				13.142991488047187	0.0043373641884655	0.0469253457934735				13.142991488047187	1	0.004337364188465526	0.031103293831779774
IQCA1	2.076972619491643	0.5565853883724511	0.9631006503726872	16.780280788354748	0.0007842133804876	0.0115663471444582				9.428626703923195	2	0.004411626478091849	0.03154019534669657
FRMD5							13.097660186213947	0.0044300996497981	0.0451210551856702	13.097660186213947	1	0.004430099649798124	0.03165312891774188
SOGA3	3.6469626914767375	0.3021957649040217	0.7780486020138991	13.463558908772356	0.0037342055860258	0.0416467650774828	6.800124503199021	0.078548837364045	0.38772717185450606	7.9702153678160395	3	0.004444835422291832	0.031720083807242554
CAPN9	15.571828747988734	0.0013877981869555	0.0162667591889113				3.1747333311768933	0.3654613709291884	0.8468599037049904	9.373281039582814	2	0.004613764569151286	0.03280683465436798
TRIM16L				16.453282903335722	0.0009153922263498	0.0132046698998605	2.273626265487147	0.5175922345666879	0.9443329938282842	9.363454584411436	2	0.00465058300580187	0.03304876444928312
TCP10L2	9.521635967282279	0.0231023005229998	0.1577669924604858				9.187169010081377	0.0269031495956374	0.1862978703873008	9.35440248868183	2	0.0046847527138067155	0.033271592096555204
LIPA	11.039426055857158	0.0115145831381758	0.0916197702313944	5.409645376283259	0.1441438188838135	0.5456927077387747	7.287973904217196	0.0632640278180506	0.3392399457785723	7.912348445452538	3	0.004736978904591147	0.03358199972829155
KHNYN	17.081381082809962	0.0006800206648267	0.0087989718412405				1.5868326441816614	0.6623791011202049	0.9936177240688924	9.334106863495812	2	0.004762253830778312	0.03374095359434005
TTK	1.274075977437248	0.7352980023222304	1.0	14.815294397206886	0.0019814929721584	0.0251232451048927	7.371349584437642	0.0609578229809593	0.3321512378144414	7.820239986360593	3	0.0052404696802304035	0.0367765898924181
KRT39	2.2462905133128466	0.5228882264864063	0.9453992674998424	11.287140334884537	0.0102703363146426	0.0920889833075958	9.807027195642268	0.0202797490082357	0.1503017415515221	7.780152681279883	3	0.005475324658966235	0.03822061044408248
HIST2H2AC	9.36011506287441	0.0248670235840742	0.1661498412014664				8.830785450028042	0.031627376483855	0.2096892989669603	9.095450256451226	2	0.005772420688294958	0.03998762427597415
C2orf44	3.0005114543703004	0.3915463267892973	0.8628237603437791	4.785128552552781	0.1882243974705494	0.6257119229621254	15.391463756555419	0.0015109105443457	0.0187917178758682	7.725701254492834	3	0.00581058436876978	0.04018138021093722
SWAP70	7.666083479031733	0.0534411631870996	0.2899795544074202	6.563948158705494	0.0871743767320275	0.4096288820821608	8.861920358939843	0.0311841945912834	0.2075665917436909	7.69731733222569	3	0.005993075965278213	0.041202397261287715
RASGRP2	8.85055754376998	0.0313452269900721	0.1964300891377851	3.0058511904350125	0.3907239172776738	0.8614282337296366	11.149520772946902	0.0109442349019096	0.0941371573041066	7.6686431690506325	3	0.006183014302204829	0.04223809596971236
CBR3	7.500446264187935	0.0575469866459052	0.3033317800774818	9.943944264378242	0.019048689147444	0.1480267488909444	5.537399903079507	0.1364187231009428	0.5384417749216159	7.660596810548563	3	0.0062373432059766535	0.04251099908396192
P4HA1	8.460562224277753	0.0373931440003788	0.2240784154222704	5.510710885502571	0.1379993895254	0.5341840321907158	8.968634774657469	0.0297108240682255	0.2005282552444769	7.646635961479264	3	0.006332695301501374	0.04308637626021505
PSIP1	12.037689369230016	0.007255161484916999	0.0638773997404819	7.3489095624970435	0.0615703790683421	0.3281483256098144	3.380648013610979	0.3365747488517924	0.8218723486192829	7.589082315112679	3	0.006740755785886788	0.045418482716872516
PSPH	9.456711695634135	0.0237963625349457	0.1603369810155023	6.65527255145478	0.0837360148411578	0.3983937980625726	6.626503009186556	0.0848048436757414	0.4055570322972162	7.579495752091824	3	0.006811129550856206	0.045814338418017415
B4GALT5				12.03666255514175	0.0072586194821708	0.0696653957472098				12.03666255514175	1	0.007258619482170891	0.048493319421847904
SURF4	7.4604478145804265	0.0585834733549121	0.3064366298564633	9.428093701192713	0.0241087558305298	0.1767078888308711	5.64423425491221	0.13026185806697899	0.5233218456627363	7.510925256895116	3	0.007335423249542668	0.04895111733963999
