0.9928072919147876
0.9841744151084638
0.9839041917013263
0.9877984501706479
0.9953728330413003
0.9959930798491371
0.9956778755540117
0.9974887171842045
0.9970155262537618
0.9977570801037144
0.9973967470069334
0.9978621386465657
0.9960497676950605
0.9960796992490755
0.9972345406743628
0.9966773220907826
0.9950210987633613
0.9960529317113183
0.9972836342816349
0.996268198540316
0.9951395821823361
0.9945743759376972
0.9971930428819182
0.9979892643605422
0.9981330505475781
0.9916109082367413
0.9909331011129876
0.9950304100039356
0.9979528854982306
0.9977759008869614
0.9954115724789849
0.9964003405163822
0.9966061913037713
0.9983018799152156
0.9986750277360993
0.9983894609558812
0.9965432815165041
0.9965184685956621
0.9951679788601389
0.9969900500969826
0.9969335940852779
0.9981067591676608
0.9973248790912302
0.9982088354544159
0.9971654801436116
0.9925845798811175
0.9945471684473535
0.9975283366514222
0.9977697578335873
0.9956841918737597
0.9938848272871635
0.9963192978647694
0.9973918355543353
0.9974870860444963
0.9979818107154164
0.9972966162744986
0.994981587375705
0.995741729076269
0.9977095729593026
0.997824093733198
0.9976036939342604
0.9970475101449516
0.9968744960021061
0.9965972561420936
0.9969408682049818
0.9974634889858219
0.9981339238091543
0.9962322238255161
0.9923734762298692
0.9860443794226476
0.991284809717367
0.9863869869732173
0.9930477624394104
0.9974342093797868
0.9952999916187133
0.996122828683481
0.9981020145330581
0.9925841969870504
0.9900134997721409
0.9830572913267186
0.9863206902040679
0.9867054712731587
0.9785626722706177
0.9808502275513243
0.9744315328918484
