0.9958390543964126
0.9911111320370382
0.9957421845371858
0.9943380203895701
0.9976641483436248
0.9976205552888369
0.9976007707276201
0.995844976631995
0.994482754229703
0.9923404281423968
0.9935384284742195
0.9970362756437758
0.9981828243062124
0.9977821786151229
0.9977251180329447
0.996870501518272
0.9986259398111755
0.9983364219783315
0.9983014610551025
0.9985385304944308
0.9974192433666159
0.9966895652272176
0.9964260666297832
0.9971120933236446
0.9947281737435159
0.9946255198610937
0.9961864178177714
0.9970542547702905
0.9974193074591037
0.9978414544666225
0.9979632685837133
0.9944339514193328
0.9931437784908032
0.9877963273560283
0.9940643623995536
0.995160753747764
0.9855631466193455
0.993433922890493
0.9954032039743373
0.9976633289775924
0.995486965727942
0.9907181187473424
0.9959096141054388
0.9944706810417754
0.9950775856601697
0.9915175698385404
0.9837586617407369
0.9758687657002308
0.981158267952939
0.9956442654889488
0.9975929064796693
0.9984427443158791
0.998057733275484
0.9990963213480697
0.9992187261656443
0.9956074735600732
0.9957698473926831
0.9986650150772892
0.9980937709989
0.99447448464829
0.9946449765158802
0.9949608953724332
0.9964119771711129
0.9976368527221314
0.9971958934241657
0.9976270624080782
0.998389434684754
0.998254317643233
0.9984447666158008
0.9964667905500286
0.9877450274534183
0.9898633617634071
0.9905102033290022
0.9953666917896696
0.9964596822565208
0.9956964242021684
0.9933506724166622
0.996488787700986
0.9961724690203912
0.995291006318023
0.9972050883668256
0.9964261642698277
0.9925140893049469
0.9892697794524775
0.9698992038864624
