0.993224532483589
0.9954323688547403
0.9973435991690007
0.9987044910657473
0.9983789670384572
0.9981828121787234
0.9980473938614959
0.9959698072642206
0.9946179612088566
0.9920610098721534
0.9892311929471714
0.9947315222299443
0.9950892400126753
0.9920427965944429
0.9952626926948129
0.9975607224369448
0.9965181233682008
0.9975598553618215
0.9975149630636946
0.9962292488375016
0.9965477851122426
0.9954921724181686
0.9975577311006144
0.9981743495938306
0.9940545343694607
0.9941085721769107
0.9932768736855879
0.9921774637978196
0.9969749159047635
0.9971983469844417
0.9982254902560456
0.9982079215128188
0.9975720195033191
0.9971916205218939
0.996107984185962
0.9956492930493112
0.9983469624750198
0.9973731011905116
0.9970897052207267
0.9969225254908706
0.9991113544057068
0.9980877963692752
0.9972085284947891
0.9963062469963032
0.9976186330413104
0.9936412897195539
0.988010472987079
0.9958255801744622
0.9982148154595637
0.9989627512478594
0.9975520543429487
0.9982212802519383
0.9976584284318362
0.9970684589568887
0.9987542732819927
0.9953742897400755
0.9933656885383444
0.993274412015359
0.9949330308967465
0.9934967416930125
0.995928480015268
0.9981774973930666
0.9970018982830822
0.9972251336069703
0.9969898091148062
0.9972421489608415
0.9938894058853436
0.9887840226947364
0.9791981399100949
0.9788064018758903
0.9852825257310899
0.9897842820010351
0.9966827811179435
0.9975717867408617
0.9973987218319776
0.9965919861924872
0.9982900333701422
0.9963520487446405
0.9935168346395619
0.9975311171074174
0.9966385544215625
0.9966584731795523
0.9978299698172
0.9948873326409797
0.9947845194992327
