0.9973131328040695
0.9982831057432112
0.9972686545096282
0.9926258716977073
0.9968619315339989
0.9949296927371033
0.9958223823338269
0.9933801878757071
0.9944345034396537
0.99401037580688
0.994505697823019
0.9946445829578907
0.9945513840103928
0.9939968166325872
0.9948461711099191
0.995102602375234
0.9957560241323133
0.9972584237771386
0.9968289767371641
0.9981396556588098
0.9974691029381195
0.9972312263163968
0.9967047304641315
0.9975625298468277
0.9979819684165085
0.9978811280447286
0.9973718196562757
0.9978125729173515
0.9981422699304132
0.9978614932001948
0.9983012661639887
0.9971857894996087
0.996064818026801
0.9918860849048918
0.9927407435858068
0.9930671097599879
0.9984611477998415
0.9965579668966827
0.997722439368227
0.9979867408779669
0.9973845543558519
0.9958302160022274
0.9975364946584555
0.9962340663576261
0.9950884286231332
0.9941835878282622
0.9971013307767351
0.9981913438165233
0.99688922368307
0.9969250686604016
0.9961608112131244
0.9968777117251412
0.9976231224955618
0.9929169768390199
0.9944516130629245
0.9971899824917978
0.9979589415092888
0.9979666442177905
0.9980736883918555
0.9975239449729156
0.9979762305782268
0.996167717438427
0.9966875966611953
0.9911552037681481
0.995930209868093
0.9975747015566169
0.9964775775712066
0.995424301379667
0.9950120449662618
0.9978478765355852
0.9986036342335123
0.998733461381871
0.9951889216801091
0.9941469168271184
0.9982777441179173
0.9975970925353723
0.9977621421659834
0.9976177652794562
0.9978971512660618
0.996863973064105
0.9972794280694046
0.9973935759805974
0.9975101044337505
0.9964857945470246
0.9929636654290253
