Gene	Chi^2-statistic of rep3	pvalue of rep3	BH-corrected P-value of rep3	Chi^2-statistic of rep2	pvalue of rep2	BH-corrected P-value of rep2	Chi^2-statistic of rep1	pvalue of rep1	BH-corrected P-value of rep1	Average Chi^2-statistic	Number of detected	combined_pvalue	BH-corrected combined pvalue
CLC	382.2217869451836	1.569723373685844e-82	2.5084179511499782e-79	377.1231220231023	1.9956448157479371e-81	2.4037541805683907e-78	402.38879475832704	6.72545583449236e-87	1.3617702973680133e-83	387.244567908871	3	2.2078803927425698e-244	4.3513642740301476e-241
PRRC2B	406.9478233892932	6.921108531569781e-88	1.327191772013821e-84	291.34438407793084	7.430144753953444e-63	5.966406237424616e-60	168.10810503305484	3.2589969681583814e-36	1.499731150256157e-33	288.8001041667596	3	1.0711328616817093e-180	1.2666146089386212e-177
PRG2	89.17987583625978	3.2862454190035604e-19	3.9884203895450804e-17	117.71434824985818	2.396913222837759e-25	5.094850547484849e-23	90.63501058749932	1.6001487859711492e-19	2.314272329881701e-17	99.17641155787244	3	8.724104934781605e-59	2.242663931604185e-56
HLA-DRB3	128.8247580904953	9.690177770578634e-28	2.212129153912094e-25				139.4036798259565	5.082006920056888e-30	1.7741461399536525e-27	134.11421895822588	2	5.191951954008e-55	1.1583930538895209e-52
SRGN	95.1234511246488	1.7369390562279912e-20	2.4856375628528322e-18	72.80818177614967	1.0685158818278883e-15	1.0435357132392093e-13	101.78541191811676	6.420473527927666e-22	1.1607298927989232e-19	89.90568160630507	3	6.791276628277267e-53	1.3846007953341153e-50
CD74	97.84138525943676	4.524672286683081e-21	6.99718675559958e-19	80.10017922586786	2.9211086703327103e-17	3.3509289461102373e-15	60.06081756837533	5.704968737883824e-13	3.824973741876546e-11	79.33412735122666	3	3.389047227180262e-46	5.808041081363275e-44
SGSM1	86.40210546877564	1.297673259032179e-18	1.499047133445847e-16	77.71938010256801	9.465415696578352e-17	1.0059788123407611e-14	72.95736659387421	9.927014800720065e-16	8.81588577565701e-14	79.02628405507262	3	5.305914613470142e-46	8.836963423138652e-44
EPX	69.33250791291945	5.931703565799982e-15	4.5137439514992244e-13	86.1941774871659	1.4381522614401157e-18	1.8559868559692347e-16	79.18804084279648	4.5834164776443204e-17	5.099176749414407e-15	78.2382420809606	3	1.6711705785119078e-45	2.7446655681810147e-43
PHGDH	52.28841699335833	2.5997820815531288e-11	1.354712532496272e-09	92.85958937997673	5.3241882171734737e-20	8.186788988406958e-18	71.72668321712494	1.8216381111964213e-15	1.5898503653234977e-13	72.29156319682	3	9.502869407993248e-42	1.2916256407990824e-39
HLA-A	72.28909528430755	1.3803418073868465e-15	1.1121611133802589e-13	76.58850846599884	1.6542531034561063e-16	1.7326503157503308e-14	58.23066205572986	1.4033410678236053e-12	8.935487402922127e-11	69.03608860201207	3	1.0696382219374788e-39	1.345582124937307e-37
AKAP12	58.32327280079066	1.340870610580947e-12	7.887280622239336e-11	36.319206844263846	6.410495517020804e-08	2.40044824360152e-06	85.91173822047932	1.6536328016493522e-18	2.262348443770005e-16	60.18473928851128	3	3.881526617167206e-34	3.956814848965708e-32
B2M	51.69344539400809	3.481279339715974e-11	1.7945433499568147e-09	53.28512296978907	1.5938889149927107e-11	9.519863792274643e-10	75.38983483188866	2.989179589142249e-16	2.9381023456772946e-14	60.12280106522861	3	4.244281858919109e-34	4.2896267505742276e-32
TPM4	52.8491377276952	1.9742889977558867e-11	1.040081478597991e-09	50.90443553386571	5.1268834094537645e-11	2.8501528000094123e-09	75.9809195555817	2.232812915734113e-16	2.3066324447849152e-14	59.9114976057142	3	5.7565849380195095e-34	5.768781092549211e-32
OSM	54.59951466768347	8.358855941791208e-12	4.6326422410343404e-10	26.9511237888576	6.027906603147545e-06	0.0001555845750748	94.18087005421266	2.769142574901921e-20	4.380437410672976e-18	58.57716950358457	3	3.940554067646855e-33	3.850996020654881e-31
MDN1	41.696436158614574	4.65358749072216e-09	1.806420925548343e-07	80.44053654324972	2.4690999472101464e-17	2.878094406207698e-15	1.0514306655727128	0.7888099156798986	1.0	41.062801122479	3	2.9695845152660532e-22	1.7557668446510535e-20
CARNS1	74.33870071502123	5.021486898870095e-16	4.298751463068436e-14				29.84740666607084	1.4859097106043687e-06	4.0115599760423005e-05	52.09305369054604	2	3.353309892904397e-20	1.7702182805176114e-18
UGP2	33.47504839615796	2.556954535310987e-07	7.566691384123995e-06	32.08818464891828	5.014224447386628e-07	1.6699447042056755e-05	38.09091649220007	2.7039361840786867e-08	9.990748148763731e-07	34.551383179092106	3	2.8630863673998002e-18	1.3990081113430844e-16
ATOH8	86.26391301657232	1.3894203802193499e-18	1.549042163435247e-16				7.808106734243771	0.0501485874347799	0.2916164843134476	47.03600987540804	2	4.3133280352380956e-18	2.0649839682870638e-16
GMFG	34.424903729097764	1.6114265643997808e-07	4.967960739377845e-06	23.391301149752827	3.346655014399716e-05	0.0007176936435924	44.78854784951528	1.0261358101314747e-09	4.700723503063823e-08	34.20158424278862	3	4.672498598387105e-18	2.2279151583035286e-16
CST7	42.72393639150107	2.816572344802164e-09	1.139463951137686e-07	30.54902924183888	1.0577363749753132e-06	3.239093551672283e-05	29.08721272224263	2.146893542041622e-06	5.6454935635401e-05	34.12005945186086	3	5.237247075887014e-18	2.487166533026664e-16
PSMB8	47.20596049442734	3.1420885840894005e-10	1.4210540256721306e-08	24.42535188939484	2.035921930645946e-05	0.0004569443413906	29.09145624204357	2.142489671503838e-06	5.648584748516889e-05	33.57425620862191	3	1.1236906714255449e-17	5.210840074355713e-16
C19orf10	30.87039115751715	9.051732134029092e-07	2.3908542066410725e-05	30.95786985301534	8.67589033424969e-07	2.714314261715261e-05	37.73680609853373	3.2133775336960155e-08	1.149548909934221e-06	33.18835570302207	3	1.9267581070664877e-17	8.830974657388066e-16
PGM1	26.85322067473465	6.319587406852544e-06	0.0001389729450846	29.376525778137182	1.8663896524383137e-06	5.417027316534817e-05	42.49546184832433	3.149345610017847e-09	1.3567648917370502e-07	32.90840276706539	3	2.8483362381528334e-17	1.2855563364945516e-15
DPP4	38.56242809158695	2.1485768976333453e-08	7.331158467796625e-07	5.112726156841735	0.1637264462584605	0.5848991730647032	54.89338393266114	7.235343190496896e-12	4.283661664362022e-10	32.85617939369661	3	3.0637125335635106e-17	1.3775057303950008e-15
CKAP4	29.38567383984652	1.8581435491881749e-06	4.627501389510706e-05	27.442390550775084	4.75500511545862e-06	0.0001254175984285	33.284965800565736	2.8043391525658374e-07	8.76269431499276e-06	30.037676730395777	3	1.5452298242182383e-15	6.257651599787899e-14
MAGEB1	43.10462983243731	2.338280736818907e-09	9.54018540622114e-08				38.010793892089616	2.8116413626976442e-08	1.031342650577933e-06	40.55771186226346	2	2.1015232221766567e-15	8.36717579199965e-14
PSMB10	14.890642128994552	0.001912528104732	0.0212976997307447	20.116409872691698	0.000160569315235	0.0029527593923751	54.247368373156746	9.937070609259808e-12	5.65184847461496e-10	29.751473458281	3	2.2973133764505803e-15	9.116017005546349e-14
SLC11A1							69.16510900628536	6.441978476080011e-15	5.48055378922975e-13	69.16510900628536	1	6.441978476080011e-15	2.4732595934950044e-13
CSRP1	35.39205598246924	1.0066867096633308e-07	3.1440104795609174e-06	20.007683164200674	0.000169121240318	0.0030864626358036	27.86143607460676	3.883574475875613e-06	9.75615582971829e-05	27.75372507375889	3	3.6267273129425574e-14	1.323643533195856e-12
TMEM206				74.44887481294673	4.755778322173099e-16	4.7736124908812486e-14	0.017641153112593	0.9993801137788572	1.0	37.23325798302966	2	4.9425506817999854e-14	1.7764638848718793e-12
CADPS	2.2741504299359394	0.5174910781085515	0.9423940089087924	68.9910240351539	7.019227184844191e-15	5.89859940289174e-13				35.63258723254492	2	2.2490167397692537e-13	7.533887520615135e-12
FOCAD	9.711255762503136	0.021186971412982	0.1478462022617699	49.77093700259322	8.938882478519619e-11	4.785281753500836e-09	14.651902133307544	0.0021396321854509	0.0250134367731014	24.711364966134635	3	2.3421127942051604e-12	7.425062678679899e-11
RAB37	21.993021677437827	6.544957430182687e-05	0.0011535487470696	2.7203269677937265	0.4367839843761071	0.8906991690423607	48.79791039408074	1.4402908719110254e-10	7.14779646432707e-09	24.5037530131041	3	3.1073576918623164e-12	9.695119975269628e-11
CCDC178	41.44294259371149	5.267064865630883e-09	1.996071855006676e-07	5.4800003016599845	0.1398397263068299	0.5367082857246205	25.359287568909533	1.2987352216447629e-05	0.0002877110587293	24.09407682142701	3	5.424676418730653e-12	1.6447897090125631e-10
41158	24.52491018304312	1.9407116276688164e-05	0.0003852493392564	10.2917427779197	0.0162422633289044	0.1315951088318301	37.091463305692685	4.40084790443604e-08	1.5363511787762228e-06	23.96937208888517	3	6.426158072684841e-12	1.92866292409894e-10
EGFR	9.28003257827642	0.0257903418298179	0.1699503762641197	3.0072704284746488	0.390505576967775	0.8617355128995756	58.78490873750766	1.068563170937868e-12	6.979440995209661e-11	23.690737248086247	3	9.380142155240458e-12	2.759208482231801e-10
LINC00336	53.79012057391216	1.2438698564407928e-11	6.700125945817034e-10							53.79012057391216	1	1.243869856440788e-11	3.649816638315712e-10
AKT1S1	61.86787843466215	2.344717353849175e-13	1.4987433325803928e-11	1.338460441309265	0.7200211515449884	0.9930520729419142	7.130606328017346	0.0678493822132162	0.3538934289163323	23.44564840132959	3	1.3077611039660936e-11	3.8183395196047056e-10
CRELD1	13.441846894611366	0.0037722945745842	0.0381929887868147	28.04141531049195	3.560058791271068e-06	9.636159132777531e-05	28.07645609401433	3.500272150663847e-06	8.881392294065361e-05	23.18657276637255	3	1.8574351243194908e-11	5.318201052076992e-10
ALOX5AP	33.083876164345384	3.092100955303611e-07	8.983958775591218e-06	14.396078012679856	0.0024127210683036	0.0296039646190675	21.6950435438107	7.54900307422648e-05	0.0013526744623622	23.05833257361198	3	2.2094151316559523e-11	6.280368733613374e-10
ASRGL1	27.78363558684924	4.032349225328364e-06	9.183411964952102e-05	24.793210630286254	1.705655565454075e-05	0.0003913261197313	14.94629725860624	0.001863121507893	0.0222957944987111	22.507714491913912	3	4.648948206804683e-11	1.3026969797503642e-09
PRSS57	29.588742483896542	1.6841722780684434e-06	4.2271842413927314e-05	12.260099551950589	0.0065432604794133	0.0648671378391227	24.91934257544576	1.605183027348395e-05	0.0003457632546569	22.256061537097636	3	6.527270577971642e-11	1.803387256647539e-09
TPM1	25.39017097801264	1.2795579188549462e-05	0.000261586382217	16.850483389039372	0.0007585849284484	0.0112342075366735	23.458689116203903	3.240074487949525e-05	0.0006406741038281	21.899781161085304	3	1.054556608388292e-10	2.834120885043535e-09
WWC3	48.69590014215957	1.514135099245671e-10	7.013298227810383e-09	0.3439192669982338	0.9515674463706202	1.0	16.132697320272307	0.0010651131991152	0.0138780000358343	21.72417224314337	3	1.3354300259014632e-10	3.548642709277484e-09
CEBPA	23.411960836214963	3.313613570773684e-05	0.0006205259163394				33.93589659702531	2.0438919223176026e-07	6.486633799856867e-06	28.67392871662014	2	1.5534025694935684e-10	4.054963660984866e-09
CELF2	17.431070827237207	0.0005761695596977	0.0076940302762982	23.267870861879253	3.5510136407572504e-05	0.0007592655497559	24.10546593418069	2.374498064413192e-05	0.0004836905111492	21.60146920776572	3	1.5747863486707624e-10	4.101728760579684e-09
FSD1							46.54525403873341	4.3426138560989606e-10	2.0738029565634847e-08	46.54525403873341	1	4.3426138560989327e-10	1.0949127686219592e-08
RNASE2	23.849678887312407	2.68516731723622e-05	0.0005108211158266	16.20555804331892	0.0010290813685687	0.014469204378689	22.25526679071849	5.772034568267615e-05	0.0010722216141126	20.770167907116605	3	4.79816442787955e-10	1.2071977523335251e-08
IGLL1	24.4091895061321	2.051811866545911e-05	0.0004039583609125	9.16518206345341	0.0271734373241395	0.1921550210778436	27.57609411611473	4.457625511775215e-06	0.0001114296313116	20.38348856190008	3	8.042231037651225e-10	1.9730162244860113e-08
DMRTA1							43.07361863656753	2.3740024366947604e-09	1.0359655460817997e-07	43.07361863656753	1	2.3740024366947604e-09	5.536997793671704e-08
ZFP92	42.67050371914206	2.891104818162966e-09	1.1647022267456523e-07							42.67050371914206	1	2.891104818162966e-09	6.664193854732374e-08
LIG4	49.930630658304025	8.265620259018023e-11	4.043406481809429e-09	3.0792585221082915	0.3795657712960553	0.8534915460972595	5.079102683379664	0.1660956524482661	0.5986302546764852	19.36299728793066	3	3.12492417046937e-09	7.147432943094836e-08
ETV6	15.179600813699537	0.0016694253357866	0.019078009677619	16.397798313333794	0.0009397195110935	0.0135016956395085	25.11251400355784	1.462629984126352e-05	0.0003198199991208	18.89663771019706	3	5.793509924308694e-09	1.2853331117251466e-07
CD84	23.75600041726752	2.8088131764997123e-05	0.0005322312398474	17.077656462103427	0.0006812214342244	0.0103428304729835	15.484024877531269	0.0014464341737842	0.0181233905636034	18.77256058563407	3	6.825415647574343e-09	1.5001959113859965e-07
SCARB2	26.14862732068868	8.877865631220504e-06	0.0001874911358417	12.659273089661635	0.0054344963841437	0.0557885019434758	16.761212353110164	0.0007913219369383	0.0108554787121457	18.52303758782016	3	9.48642462501651e-09	2.0470250217302966e-07
KLHL5							39.84805090937859	1.1475314396144984e-08	4.55592482143419e-07	39.84805090937859	1	1.1475314396144984e-08	2.4627149316590645e-07
LIF	27.99353093115277	3.6434098350995568e-06	8.417593614201096e-05				19.928688736056102	0.0001756175194397	0.0028956869166258	23.96110983360444	2	1.2246626848225873e-08	2.618740732012133e-07
APOA5							39.602827819193294	1.2934109745914215e-08	5.017047014085652e-07	39.602827819193294	1	1.2934109745914215e-08	2.7508245997380506e-07
PPP2R3A							38.547058653589744	2.1647410086656146e-08	8.239036831477697e-07	38.547058653589744	1	2.1647410086656143e-08	4.4364059666327366e-07
IGFBP7	25.346269896600067	1.30690426002548e-05	0.0002666084690451	0.7252128383879642	0.8672582175556165	1.0	26.953110356741384	6.022129207971439e-06	0.0001444740191978	17.674864363909805	3	2.8916858682394685e-08	5.855168731495157e-07
PSMB9	23.950983959850102	2.557554395182996e-05	0.0004894577153895	9.135405137058251	0.0275437337542513	0.1936367352548388	19.79432300856677	0.0001872428871888	0.0030673899512935	17.626904035158375	3	3.079133017619821e-08	6.202853140264802e-07
LCP2	13.71156758685615	0.0033252448380151	0.0341353827696882	15.53497187126323	0.00141211847061	0.0189691081544585	23.17798894036355	3.707609075405704e-05	0.0007204574717736	17.47484279949431	3	3.7570274165091466e-08	7.50453533787511e-07
NR2E3	36.78508572418726	5.1092212688798544e-08	1.683409399519589e-06							36.78508572418726	1	5.1092212688798544e-08	1.0019326949337358e-06
GPX7	5.965689335057997	0.1132914981321287	0.4616399847389928	12.55470693977434	0.0057055624139514	0.0581581094014489	32.630396390896586	3.85386210744432e-07	1.1823181810838267e-05	17.05026422190964	3	6.539824257024573e-08	1.269842723141471e-06
ATP2A3	20.034687566289744	0.0001669557944904	0.0026768765176822	13.806927868316968	0.0031800914442864	0.0369493904627939	16.8691179387995	0.0007519230397975	0.0103853599657718	16.903577791135405	3	7.91650995206128e-08	1.5246372993994242e-06
DENND4B	24.13839643643788	2.3371981234143e-05	0.0004536246074351	1.0725001496534123	0.7837164575629842	1.0	25.33573515028037	1.3135526689645302e-05	0.0002903582362575	16.84887724545722	3	8.500536972641851e-08	1.6291547763612624e-06
FYB	9.869657250225169	0.0197072181440668	0.1393457282930033	27.39713578353509	4.860077577450606e-06	0.0001277228387354	11.70489006331278	0.0084655829284201	0.0765912078349646	16.323894365691014	3	1.6802280168458784e-07	3.0899994244482914e-06
PLAU	19.00929382357804	0.0002721918296013	0.0041163647669056	10.755079288772851	0.0131267278830083	0.1133415321511362	18.96629774325701	0.0002778208937818	0.0043607112072053	16.243556951869298	3	1.8643541738273445e-07	3.4232900784950854e-06
PACAP	28.911768105566185	2.3370956982238364e-06	5.672930013815226e-05	9.44719090573076	0.0238998479050659	0.1757112927872952	9.946675548088669	0.0190248939418882	0.1434162518746662	16.10187818646187	3	2.23917361904296e-07	4.092461830785626e-06
NUCB2	14.215030240921022	0.0026266013785196	0.0280756455041761	19.2856886567744	0.0002386196495118	0.004185689822869	14.695859167137067	0.002095897526117	0.0246731006446619	16.06552602161083	3	2.346842985363319e-07	4.276027473331471e-06
RRBP1	22.02138032183278	6.456633525679473e-05	0.0011400773893962	4.68553792987823	0.1963258549191515	0.6371113396949745	20.76572597470887	0.0001177528050647	0.0020035788209679	15.82421474213996	3	3.204029848149699e-07	5.7145781228311e-06
PTMA	13.0315303539601	0.0045689130169868	0.0442492303099696	17.962689019175667	0.0004477122140868	0.007080122912922	16.188471417581255	0.0010374210210465	0.0135695741822679	15.727563596905672	3	3.628799222533875e-07	6.395015023317895e-06
MYPN	32.59581974843754	3.919107164507041e-07	1.1117277956595714e-05							32.59581974843754	1	3.919107164507041e-07	6.886098398260885e-06
IMPA1	12.360704533536165	0.0062443549991137	0.0571286982170825	12.085298889764047	0.0070966018125039	0.0686574850053092	22.02619515860254	6.441755921751435e-05	0.001185751580942	15.490732860634251	3	4.920664840530017e-07	8.519306257579422e-06
CR1	20.16157920593299	0.000157144368446	0.0025365323310783				19.65545305659163	0.0002000632046591	0.0032511073578957	19.90851613126231	2	4.948231697750978e-07	8.542020412540922e-06
MASP1	14.079935716732352	0.0027983411906131	0.0295490036735671				25.653270238659506	1.1272222708777882e-05	0.0002541647721685	19.86660297769593	2	5.139415683651738e-07	8.846228596678573e-06
CLTCL1	30.84139502773049	9.179862085679076e-07	2.4180361999310707e-05				8.790878636067777	0.0322044394333817	0.2129573774157781	19.816136831899133	2	5.379383509000982e-07	9.20567438407187e-06
NRG2	31.438356495037173	6.872676216035172e-07	1.861446880207492e-05							31.438356495037173	1	6.872676216035172e-07	1.1693438310016676e-05
FAM150B							31.209344357918845	7.679986136454227e-07	2.177932202954134e-05	31.209344357918845	1	7.679986136454227e-07	1.284523848141036e-05
CD34	26.68776375540584	6.844877329630424e-06	0.0001491560996284	7.180400840005758	0.0663647405298649	0.3433199569143408	11.006875239042031	0.0116887565915222	0.0991096915683176	14.958346611484544	3	9.730843523642227e-07	1.5937288735051154e-05
FLI1	13.477664391378552	0.0037096649236123	0.0376782492453342	19.15068701030313	0.0002544686736754	0.004410180107081	11.5909455637516	0.0089242130557363	0.0801674649301465	14.73976565514443	3	1.285978406248222e-06	2.054958737011517e-05
IFIT1B	30.05335269370039	1.3448505898615325e-06	3.438513988157966e-05							30.05335269370039	1	1.3448505898615325e-06	2.140357769194161e-05
IQGAP3	2.810132762792127	0.4218345991092034	0.8830895494015376	25.30736529057526	1.3316248671222668e-05	0.0003218613014947	15.494955384118894	0.0014390027959955	0.0181425458364366	14.537484479162094	3	1.6634864348637597e-06	2.5950827298501268e-05
SASH3	6.641431894717486	0.0842485846450324	0.3835590833696919	12.736110069646854	0.0052434686682899	0.0543680746997577	24.03123454913122	2.460769645069718e-05	0.0005002576684073	14.469592171165187	3	1.81333984234873e-06	2.806641837143159e-05
TIMM21	27.3279747162393	5.025147036703737e-06	0.0001131011966852	4.159597142109895	0.2447382358052749	0.7097605257482832	11.72807472385208	0.0083751535380732	0.0761815403588982	14.405215527400424	3	1.967757411545559e-06	3.033732906326758e-05
PLP2	17.10826561786781	0.0006714156017996	0.0087229441599658				19.0385296278391	0.0002684292254651	0.0042264035437159	18.073397622853456	2	2.581317499541654e-06	3.89337747858164e-05
UVRAG	40.78911854505103	7.248505529710545e-09	2.693746938715686e-07	1.0366476226544292	0.7923852796777223	1.0	0.7434297582990154	0.8629443494629252	1.0	14.189731975334825	3	2.5856681858354512e-06	3.894971502866779e-05
GGH	12.626605557589611	0.0055177829702804	0.0518671599206363	17.02939509442643	0.0006969721384308	0.0105376938168199	12.584941958865755	0.0056258390396265	0.054818088967449	14.080314203627266	3	2.9694498877960006e-06	4.439158650213364e-05
PLS3	18.179755131017256	0.0004038522031835	0.005644511551201	8.461136156441025	0.0373834561471735	0.2363694117022078	15.459924163210903	0.0014629544973549	0.0183077272326591	14.033605150223062	3	3.149983649623557e-06	4.691253987002339e-05
SPRED3							27.95447804450899	3.712827345060918e-06	9.397166010349184e-05	27.95447804450899	1	3.712827345060918e-06	5.474337076726353e-05
MAP7							27.299158155738446	5.0955643253158925e-06	0.000124909184575	27.299158155738446	1	5.0955643253158925e-06	7.375158891904582e-05
FNBP1	31.386291786436608	7.048434374590829e-07	1.898325527628564e-05	1.4850745198479671	0.6857193829936192	0.9887657583589158	7.637065636920795	0.0541392911452758	0.3080979109357912	13.502810647735124	3	6.144777216262592e-06	8.775602727331539e-05
TREX2	6.5350960544871874	0.088288630823287	0.3964924554256097	1.839363707304266	0.606406643305051	0.9646711008508922	31.516751686967	6.616250268890152e-07	1.919281310092948e-05	13.297070482919484	3	7.951223537938967e-06	0.0001115340668281
HVCN1	10.11557237292519	0.0176088475258441	0.1289790909685209	4.981527790962449	0.1731547781713405	0.6027888159172823	24.65366789136933	1.824130355006317e-05	0.0003887893834543	13.25025601841899	3	8.430577176314396e-06	0.0001179781953963
ATL1	32.58959301114524	3.930973448007925e-07	1.1118045256489668e-05				0.8527438323311552	0.8368141696943958	1.0	16.7211684217382	2	8.618352733342868e-06	0.0001203211582901
DNMBP	0.3435821350847353	0.9516338492947573	1.0				32.787936737554816	3.570046266448395e-07	1.1019252561440104e-05	16.565759436319777	2	9.892161200483008e-06	0.000136493356121
LAIR1	9.91237937408314	0.0193258164920874	0.1372562433526925	8.605811527340792	0.0350179804302602	0.2288200222147293	20.642216160093884	0.0001249124312719	0.0021147382177209	13.053469020505938	3	1.0778038130465911e-05	0.0001476828515559
PSME1	12.948765858036245	0.0047487224220938	0.0458979340554797	14.71013469016882	0.0020818858334279	0.0262121758156517	11.342043010428952	0.0100130588347791	0.0880731604198995	13.000314519544672	3	1.1516052668887084e-05	0.0001559877695413
GAMT	6.70354196166745	0.0819718331473633	0.3778586231812115	16.062792865209012	0.0011008598851226	0.0153293148165342	16.228082713096217	0.0010181891699256	0.0134395660447552	12.998139179990892	3	1.1547296637453152e-05	0.0001562320168625
KCNQ3	25.25209477376645	1.3675483870014237e-05	0.000277797752851							25.25209477376645	1	1.3675483870014222e-05	0.0001823140887969
GPT2	12.201864932385096	0.0067226969253797	0.060751383713988	12.402115200236906	0.0061252788445929	0.061142804157283	13.287516004285	0.0040543468116175	0.0420124944941822	12.630498712302334	3	1.823019278274386e-05	0.0002379382225783
DBN1	4.624556652099486	0.201445581612708	0.6399801976483248	7.273259448560938	0.0636797213026728	0.3351881615836973	25.91839690169065	9.920074629739297e-06	0.0002267061750597	12.605404334117026	3	1.8805580446593653e-05	0.0002446380514642
ALCAM	18.10759884993795	0.0004179359544626	0.0058328528841161	7.945674444796213	0.0471478954589294	0.2756778644673811	11.739359957876328	0.0083314823935955	0.0759207270501901	12.59754441753683	3	1.8989460482369447e-05	0.0002467586485758
N4BP3				24.445224780580627	2.0165520899919133e-05	0.0004540069144664				24.445224780580627	1	2.0165520899919133e-05	0.0002611799393664
PCDHGC4	7.328538238156264	0.0621316302747005	0.3168713144009726				24.11273018794721	2.3662192595237184e-05	0.0004829758827302	15.720634213051738	2	2.087571785211196e-05	0.0002700824547059
CMTM6	26.5166705483026	7.4338918073550336e-06	0.0001598120059392				4.89925558527185	0.1793245406247208	0.6202533820583102	15.707963066787224	2	2.1110003085288108e-05	0.0002728150671951
PSME2	12.64309670274612	0.0054755818568076	0.0515209802189124	17.004246437663323	0.0007053226081887	0.0106195135195423	7.559867742255923	0.0560399834829615	0.3155443786326486	12.402403627555122	3	2.41691224237246e-05	0.0003089728353086
LIMD2	15.156487729674156	0.0016876868119646	0.0192179823671227	4.36943573512277	0.2242361923675687	0.6789086561543443	17.55208295460806	0.0005440356006145	0.0078236028702011	12.359335473134996	3	2.5487942868974372e-05	0.0003251293683124
ACTN1	11.541783311852448	0.0091295868873009	0.0767173348601589	14.846290721764886	0.0019528287275791	0.0248033272657547	10.51520973962427	0.0146580748844895	0.1182456973151969	12.301094591080536	3	2.738493039276361e-05	0.0003470812453316
CHCHD6	0.5785115794344095	0.9013335482719894	1.0	1.7988305389988994	0.6151894566803435	0.9677784508987468	34.094639456634866	1.892107639078989e-07	6.061929663935343e-06	12.157327191689392	3	3.2684557110146536e-05	0.0004102918129803
RUNX1	11.634367274895604	0.0087466169314308	0.0740181492838118	8.716981410171137	0.0333003288222396	0.2218078123486875	15.542702394578177	0.0014069826145801	0.0178276495494483	11.964683693214972	3	4.139995416160133e-05	0.000512622469069
ERAP1	11.740109418725147	0.0083285901347194	0.0711082121208284	15.09047273566026	0.0017409434247355	0.0225480253235905	8.946110555829103	0.0300160230771513	0.2020493468305051	11.92556423673817	3	4.3431441251074495e-05	0.0005355336734034
STK35							22.83036180721766	4.380790096769367e-05	0.0008368135648998	22.83036180721766	1	4.380790096769367e-05	0.0005396129468156
ST3GAL4	19.883273328848595	0.0001794641863485	0.0028347654344485	2.634564942909128	0.4514620634332126	0.8965969586237504	13.100043740033453	0.0044251750368395	0.0451617662025847	11.872627337263728	3	4.633766332184303e-05	0.0005684054655402
ASAH2B				22.71280483637616	4.634960795058519e-05	0.0009653274255299				22.71280483637616	1	4.634960795058519e-05	0.0005679628124514
REEP2				22.34285886622739	5.534695220107992e-05	0.0011267392212879				22.34285886622739	1	5.534695220107992e-05	0.0006644443754089
STK16				22.17868874763333	5.98782167000823e-05	0.0012087705924343				22.17868874763333	1	5.98782167000824e-05	0.0007109035265848
ATP9B	24.67171333199618	1.80835918494816e-05	0.0003597209100681	2.0771367879917544	0.5565519767807681	0.9472918361268512	7.968786440133575	0.0466612198179456	0.2777179244190957	11.572545520040505	3	6.681691358801961e-05	0.0007853976174734
SSR4	12.378183413467696	0.0061938180206561	0.0567746913786339	16.979068821756876	0.0007137822795285	0.0107245416510456	4.999327774753748	0.1718463745501716	0.6083121314496286	11.45219333665944	3	7.733718736604153e-05	0.0009001104730348
BBS10	27.55246057737677	4.508806385058359e-06	0.0001024417905685				0.7098692375091876	0.8708801863325668	1.0	14.13116490744298	2	8.385337350645307e-05	0.0009683263102673
LARP6				9.732670130912414	0.0209807201997769	0.1587724239620814	18.319140273764354	0.0003779693476918	0.0057369740270347	14.025905202338384	2	9.187500190336983e-05	0.0010517152928435
RAB3D	15.044190148257732	0.0017792721854163	0.0201175256058626	1.9042286836122904	0.5925203129680074	0.9584029323679027	16.351408660140507	0.0009605512310625	0.0128462624349766	11.099942497336842	3	0.0001184124018992	0.0013234656450458
DST	23.38439394170255	3.357774926672823e-05	0.0006275700974062	3.635516624137616	0.3036066968656739	0.7836305708029376	6.192465808291192	0.1026127147484991	0.4564372250060657	11.070792124710453	3	0.0001226447967688	0.0013592077992422
FKBP11	12.498739139331027	0.0058560967302601	0.0545128693686737				14.860483862070843	0.0019398410939316	0.0230504122476105	13.679611500700936	2	0.0001240023880959	0.0013716821695362
IRF5	22.704176256739693	4.65418541440122e-05	0.0008419684859109				4.400818030539581	0.2213095487424997	0.6868601690585736	13.552497143639638	2	0.0001383936716043	0.0015237478274877
MYOM1	21.002005295577348	0.0001051752800186	0.0017722681631258	7.327358836256057	0.0621642754715778	0.3300964135437861	4.343405641750453	0.2266907173755214	0.6950384078466926	10.890923257861289	3	0.0001522494560035	0.0016669905715205
PPP1R37	4.003504933077658	0.2610859091361475	0.7250663857486987	15.7414279545315	0.0012811380051387	0.0175355764453368	12.69803855763231	0.0053372748979442	0.0526139932490628	10.81432381508049	3	0.0001668933264801	0.0018122255148094
SYCP1	7.661550508566797	0.0535496404877654	0.2900756796591497	8.477413469314582	0.0371097168611897	0.2362924438377251	15.778643220868693	0.0012588450832587	0.0161938343366095	10.639202399583356	3	0.0002057649217628	0.0021900721870796
DNMT3B	18.84247623599125	0.0002946869599802	0.0043873580315069	7.598716339546639	0.0550755277903662	0.3052383737277427	5.371949799738636	0.146501222622815	0.5605360460443611	10.604380791758842	3	0.0002144917938916	0.0022666358022957
TMPRSS6							19.477567162112774	0.0002177692966288	0.0035050816519405	19.477567162112774	1	0.0002177692966288	0.0022971649711296
KRT32	20.859626323926424	0.0001125843351033	0.0018838719109432				5.010963870368776	0.1709960740159627	0.6063622603634349	12.9352950971476	2	0.0002353454117826	0.0024671626722782
HMSD	25.243796340833903	1.3730248195837128e-05	0.0002783205490521				0.610121571627945	0.8941114119965587	1.0	12.926958956230925	2	0.0002370330975144	0.0024804569717776
SOAT1	18.55033769276474	0.0003386257853635	0.0049044471753252	4.591312431076038	0.2042886132947539	0.6498212184336211	8.034032913955754	0.0453135593970333	0.2724195221707635	10.391894345932178	3	0.0002761727499855	0.0028447236660094
DOT1L	24.697726258306005	1.7858635949337713e-05	0.0003559846184662				0.546685890658397	0.9085213204240846	1.0	12.622206074482202	2	0.0003076412458244	0.0031253073297889
CNN3	2.31455435574681	0.5097384144199546	0.9373555652969936	14.43362850033622	0.0023705717446827	0.0292357030696631	13.81440943878736	0.003168972544625	0.0342397844629494	10.187530764956795	3	0.0003517557910491	0.0035250103636915
RIN2	18.34845601112397	0.0003727392851758	0.0052945544685418							18.34845601112397	1	0.0003727392851758	0.0037039008800034
MAP1A	14.62459919508857	0.0021672513917385	0.023666977612744	12.65075607572833	0.0054560901069401	0.0559307279473136	2.9828793954195585	0.394272375962161	0.8677420726610693	10.08607822207882	3	0.0003964640421674	0.0039100811498166
YS038				18.213504049540614	0.0003974279586401	0.0064689456240821				18.213504049540614	1	0.0003974279586401	0.0039163213424333
DDX31	24.32265839142004	2.1390109024183883e-05	0.0004194036100692	1.2966779872675789	0.729922071945087	0.997192214356738	4.46366712578628	0.2155540825682689	0.6773027721667149	10.027667834824632	3	0.0004246796870668	0.0041468516098806
FAM71A	9.53599040444046	0.0229515492896816	0.1570731296141809	14.93768596883184	0.0018706823566283	0.0240559099490267				12.236838186636149	2	0.0004271877895312	0.0041679006693126
ANKRD62				21.394707011321024	8.716213713806789e-05	0.0016842801205797	3.064790274435828	0.3817432651534755	0.8590284099608326	12.229748642878429	2	0.0004297690027185	0.0041896277470298
SORL1	1.304917999967743	0.7279655810368171	1.0	17.409127850690407	0.0005821952433953	0.0090096895589253	11.154239445498485	0.0109204224543113	0.0940122082716395	9.956095098718878	3	0.0004619420410148	0.004466446962388
OCLN	21.18634897518088	9.629930542861872e-05	0.0016341906910612				3.000865988988206	0.3914916770732736	0.8658572886269409	12.093607482084543	2	0.0004824223971036	0.0046454762587547
FAT3	7.888438446074474	0.0483745014397644	0.2718726376345026	16.177556829535863	0.0010427833163125	0.0146333884019234				12.032997637805169	2	0.0005078593580855	0.0048705895453051
QSOX1	10.497008169262608	0.0147812061951037	0.1115044885906019	15.194014209975474	0.0016581368133874	0.0217483752274979	3.724483041034444	0.2927930556448909	0.7769952543509502	9.805168473424176	3	0.000551303280003	0.005248922130464
GORASP2	11.638002926861702	0.0087319062687212	0.0739589375481441	13.568345197479658	0.0035556686000386	0.0400886380225881	4.097120469398088	0.2511660456328782	0.7273469811176372	9.767822864579816	3	0.0005759013820603	0.0054655167278195
TUSC1				17.306848106733206	0.0006111188140371	0.0094169630470069				17.306848106733206	1	0.0006111188140371	0.00575815137529
FBXL19							17.281182474732294	0.0006185981814557	0.0087467709344388	17.281182474732294	1	0.0006185981814557	0.0058193504341404
HDGFRP3	2.816257134549325	0.4208306908398775	0.8823364670397433	4.233962717807343	0.2372834940988204	0.6987969893448147	22.063169664872174	6.328638884915473e-05	0.00116705173171	9.704463172409614	3	0.000620108866513	0.0058289247587571
PJVK							17.18270855049089	0.0006481488745721	0.0091390796743286	17.18270855049089	1	0.0006481488745721	0.0060635762989043
SMTN	17.148692757428986	0.0006586791930177	0.0085690856209684							17.148692757428986	1	0.0006586791930177	0.0061426509916674
GNGT2							17.098467534717006	0.0006745391161646	0.0094716144411247	17.098467534717006	1	0.0006745391161646	0.0062806496446039
ARRB1	6.9563855585147065	0.0733009819962592	0.3514049076900667	12.476175539394276	0.00591788990056	0.0594008198768714	9.362142942393428	0.024844068810714	0.1758890577899786	9.598234680100804	3	0.0007017728492769	0.006513707961303
TTC29				12.587255655871738	0.0056197838812247	0.0574457964775267	10.661086643472249	0.0137070395245682	0.11263804232689	11.624171149671994	2	0.0007174289979804	0.0066485876968018
DNAH8	8.178256769998454	0.0424678089762944	0.246179777790031	18.03562842438224	0.0004324698598761	0.0069300658033805	2.2470447679181027	0.5227415569998459	0.9462248387388592	9.486976654099598	3	0.0007985470754562	0.0073772024744302
XKR8	16.608517824102417	0.0008506028553776	0.0107169253316171							16.608517824102417	1	0.0008506028553776	0.0078032418656636
HMHA1	7.204155600311621	0.065667612765271	0.3286122501009494	11.707402259461617	0.0084557379840864	0.0787495082615882	9.37252338882902	0.0247268913973547	0.1754275042094042	9.42802708286742	3	0.0008549798103856	0.007837314928535
TNNT2	15.711670812277143	0.0012992449292076	0.0153982204959741	6.903240029591201	0.0750466298784757	0.3740427545736168	5.667937103681637	0.1289321179694494	0.5192158959119755	9.427615981849994	3	0.000855386701683	0.0078349711443861
FLNA	7.921868080643579	0.0476543591464251	0.2689287789852411	11.345965967061325	0.0099949209120037	0.0902916167888141	8.900129187799198	0.0306486195376513	0.2050803861197503	9.389321078501366	3	0.0008941291832826	0.0081456684070238
HDC	8.995310422425483	0.0293533020466344	0.1873764713869047	16.018233427517494	0.0011242651494725	0.0155951328891324	3.1104963951380644	0.3749005714819203	0.8544559625580732	9.37468008169368	3	0.000909388999506	0.008246568189539
SPATA7				3.0325696337951364	0.3866307882670096	0.8592191595343416	19.552928128209768	0.0002100853495419	0.0033921915131778	11.292748881002453	2	0.0009478814595526	0.0085562582131371
PPIF	4.385465072343528	0.2227369027223157	0.671572774623133	11.795455942583686	0.0081177187760756	0.0759932041382103	11.40408165324013	0.0097299873177818	0.0861069856689017	9.195000889389116	3	0.0011186339997189	0.0098788999601766
ADCY4	2.7354916754176872	0.4342295119017997	0.8909464070435384	9.204661272918806	0.0266899987777049	0.1904132489303786	15.423398369509089	0.001488349474549	0.018556711921594	9.121183772615195	3	0.0012175796462616	0.0106414481278967
MEF2C	13.947518732497196	0.002977466099441	0.0310641403280095				7.822108186333839	0.0498348818544484	0.2906269262064722	10.884813459415518	2	0.0013329202508803	0.0114714570354146
CRTAP	6.959179102983631	0.0732103173728344	0.3511458344025695	12.49209267980133	0.0058742322858899	0.0593749324896881	7.621985944870429	0.0545055782060757	0.3098340672421735	9.024419242551796	3	0.0013602649426184	0.0116728105562143
FLNC	8.32791365803204	0.03969923881005	0.2338060821319161	8.806898686881889	0.0319715582753036	0.2147383379699065	9.894543899670165	0.0194841526151708	0.1463335022818912	9.009785414861364	3	0.0013832130456568	0.0118439495039043
SARDH	4.406701821182149	0.2207647766465091	0.6711137217776568	17.23255721462794	0.0006330186961553	0.0097336725896059				10.819629517905044	2	0.0014072457548668	0.0120236134763731
EIF2AK3	21.03885694157072	0.0001033380451043	0.0017474518103352				0.583686071457347	0.9001567063645785	1.0	10.811271506514032	2	0.0014170648740942	0.0120900376162801
LAS2	15.45917990498915	0.0014634676340716	0.0169670225821999							15.45917990498915	1	0.0014634676340716	0.0124500034337393
ADARB2	15.229139034988812	0.0016309433652876	0.018772490980046							15.229139034988812	1	0.0016309433652876	0.0136779470173949
MYO1G	7.761797612062954	0.0511998973315396	0.2824537489153062	11.804312013524337	0.0080844698161974	0.0757801081214771	6.81893165856181	0.0778985241985576	0.3854568225738992	8.795013761383034	3	0.0017665748147092	0.0145776323684135
MNS1	18.826774945745445	0.0002968971922511	0.0044065793797273				2.257879506482212	0.5206380630440077	0.9447821742709328	10.542327226113828	2	0.0017714541026548	0.0145975224835497
MYH13	20.663968272598893	0.0001236207838393	0.0020506506495709				0.4043575834901052	0.9393408562771424	1.0	10.534162928044498	2	0.001783469123511	0.0146760768166444
PPP1R26	2.8957211896287465	0.4079839205512793	0.8694709558225531	8.291112316364709	0.0403632543572056	0.248895255323827	15.148184650808917	0.0016942952876938	0.020666319870617	8.77833938560079	3	0.0018003191123976	0.0147736110368507
FAM200A	14.97441027379379	0.0018386482401111	0.0206670097610619							14.97441027379379	1	0.0018386482401111	0.0150359719497333
MAGED1	10.665546120869864	0.0136789444285347	0.1050069809293763				10.326000952038315	0.015988901610769	0.1253846939639236	10.49577353645409	2	0.0018410424719458	0.0150451466694955
AUNIP	7.289087563165668	0.0632326734583619	0.3207803561474994	11.266725234758932	0.0103676566891757	0.0928464125064105	7.605207965377581	0.054915946700415	0.3119916074046028	8.72034025443406	3	0.0019226362348358	0.0156040998469001
FHL1	6.4524235850880665	0.0915578024545649	0.4052891089263014				14.180875981720485	0.0026690072474778	0.0299236205686221	10.316649783404277	2	0.0021346155779083	0.0171363402639282
KIFC3	17.953218447373466	0.0004497300922661	0.0062132739548241				2.566713282925283	0.4633550440169657	0.9172871461923664	10.259965865149374	2	0.0022367093113552	0.0179073037283522
EIF1AD	0.4683714282779007	0.9257830513064988	1.0	0.6120651167258784	0.893664871195861	1.0	24.66537050462389	1.813887070575313e-05	0.0003874217869726	8.581935683209222	3	0.0022479935702039	0.0179733089706977
SNX20	7.973464337451227	0.0465633130401088	0.2641710327979664	12.524524947456715	0.0057862599957106	0.0588147693234889				10.24899464245397	2	0.0022570136815052	0.0180088979647767
DNAH14	5.224941586472196	0.1560476400810794	0.5553766789522604	11.348173342270858	0.0099847292916701	0.0903124387871088	9.097462788495651	0.0280227423354521	0.1918203133225948	8.556859239079568	3	0.0023123969025064	0.0183887648770267
YR010	14.448616969287423	0.0023539522149599	0.0254449761409651							14.448616969287423	1	0.0023539522149599	0.0186564912479232
RAB7L1	5.455828336514921	0.1413045722591476	0.5251272243491113				14.862316555126124	0.0019381703202486	0.0230576220002323	10.159072445820524	2	0.0024303609386556	0.0192105735959916
KIAA0141							14.341128727312269	0.0024757425350689	0.0282256952984662	14.341128727312269	1	0.0024757425350689	0.0195171036514602
ELAVL3	18.829572857214263	0.000296502133077	0.0044075386851828				1.3871226469900162	0.7085560113733456	1.0	10.10834775210214	2	0.0025338134649515	0.0199350260965083
C19orf77	6.648284850857287	0.08399441811252	0.3827654376724536	4.268466814376357	0.2338958307454146	0.6950514674330227	14.421152313042754	0.0023844942831291	0.0274637316523319	8.4459679927588	3	0.0026192707616489	0.0205390429419751
CES4A							14.12341804786834	0.0027418832108163	0.0306050999187479	14.12341804786834	1	0.0027418832108163	0.0213729525167455
GIT2	9.158124601380734	0.027260758178392	0.1774447721754396	2.9898213996299985	0.3931971800154118	0.8626703157168735	13.048444897779063	0.0045330032408189	0.0458462785315195	8.398796966263266	3	0.0027614440833381	0.0214829449246538
KCND3	14.04906308452659	0.0028391244846957	0.0298481639904201							14.04906308452659	1	0.0028391244846957	0.0219142604644436
NALCN	2.790788518120753	0.4250185366938106	0.8853090875125474	16.38073414908971	0.0009473296406744	0.0135571313131771	5.934012838817218	0.1148651526377709	0.4886112627331062	8.368511835342561	3	0.0028566291918222	0.0220206259408722
FAM21C	0.8035527986330503	0.8486170634142038	1.0	15.684499946227922	0.0013159999072512	0.0179109817885216	8.602823529203924	0.035065322236275	0.2255408655146435	8.3636254246883	3	0.0028722814022397	0.0221124528525293
RIMS2							13.984576599386132	0.0029262220057902	0.0323417812081005	13.984576599386132	1	0.0029262220057902	0.0224692046873177
PAWR	1.0083225391471693	0.7992381576495583	1.0	15.778473932590463	0.0012589456142942	0.0172645160427034	8.124023588977696	0.0435168598879001	0.2642859565117583	8.303606686905109	3	0.0030714303530079	0.0232669211558739
TDRD5							13.858470550186608	0.0031042671644467	0.0337568214531244	13.858470550186608	1	0.0031042671644467	0.0234705621608585
TNFSF13	9.579751685670274	0.0224978980449731	0.154852725380619				10.07858964251868	0.017909772738701	0.1371547195208846	9.829170664094477	2	0.0031848828463435	0.0239423011176179
KLHL32							13.710579506467884	0.0033267826961985	0.03579208078248	13.710579506467884	1	0.0033267826961985	0.0249139996089597
ALOX12B	11.26376707946526	0.0103818336875223	0.0845718108716772				8.245210540001835	0.0412066719912056	0.2537569022134829	9.754488809733548	2	0.0033850703581983	0.0252545469941295
HSH2D	12.3635532944126	0.0062360906141136	0.0571075805235165				7.1225175894750326	0.0680935665689652	0.3548014760392198	9.743035441943816	2	0.0034168369053149	0.025411381387012
LRRFIP2	3.380135281315288	0.336644130007533	0.8118068205513649	1.6821451571907904	0.640910604424874	0.9804955415280618	19.208873377511487	0.000247513140147	0.0039276223054055	8.090384605339189	3	0.0038925925312046	0.0284310726877667
APOL1	2.5082252160674527	0.4738064364375146	0.914055555847664	5.043394521483938	0.168647022713714	0.5971641514708533	16.53930446288534	0.0008789071548247	0.0118482770112456	8.030308066812244	3	0.0041598525742534	0.0299940589576508
SHCBP1L							13.212820338421617	0.0041982597996652	0.0431066756712078	13.212820338421617	1	0.0041982597996652	0.0302341182284052
FOSB	13.16982864568138	0.0042833708873335	0.0423828277273							13.16982864568138	1	0.0042833708873335	0.0307534066440308
GRM6				13.142991488047189	0.0043373641884655	0.0469253457934735				13.142991488047189	1	0.0043373641884655	0.0311032938317797
IQCA1	2.076972619491643	0.556585388372451	0.9631006503726872	16.780280788354748	0.0007842133804876	0.0115663471444582				9.428626703923197	2	0.0044116264780918	0.0315401953466965
FRMD5							13.097660186213949	0.0044300996497981	0.0451210551856702	13.097660186213949	1	0.0044300996497981	0.0316531289177418
SOGA3	3.6469626914767375	0.3021957649040217	0.7780486020138991	13.463558908772358	0.0037342055860258	0.0416467650774828	6.800124503199021	0.078548837364045	0.387727171854506	7.970215367816039	3	0.0044448354222918	0.0317200838072425
CAPN9	15.571828747988736	0.0013877981869555	0.0162667591889113				3.1747333311768933	0.3654613709291884	0.8468599037049904	9.373281039582814	2	0.0046137645691512	0.0328068346543679
TRIM16L				16.453282903335722	0.0009153922263498	0.0132046698998605	2.273626265487147	0.5175922345666879	0.9443329938282842	9.363454584411436	2	0.0046505830058018	0.0330487644492831
TCP10L2	9.52163596728228	0.0231023005229998	0.1577669924604858				9.187169010081378	0.0269031495956374	0.1862978703873008	9.35440248868183	2	0.0046847527138067	0.0332715920965552
LIPA	11.039426055857158	0.0115145831381758	0.0916197702313944	5.40964537628326	0.1441438188838135	0.5456927077387747	7.287973904217196	0.0632640278180506	0.3392399457785723	7.912348445452538	3	0.0047369789045911	0.0335819997282915
KHNYN	17.081381082809962	0.0006800206648267	0.0087989718412405				1.5868326441816614	0.6623791011202049	0.9936177240688924	9.334106863495812	2	0.0047622538307783	0.03374095359434
TTK	1.274075977437248	0.7352980023222304	1.0	14.815294397206888	0.0019814929721584	0.0251232451048927	7.371349584437642	0.0609578229809593	0.3321512378144414	7.820239986360593	3	0.0052404696802304	0.0367765898924181
KRT39	2.246290513312847	0.5228882264864063	0.9453992674998424	11.287140334884535	0.0102703363146426	0.0920889833075958	9.807027195642268	0.0202797490082357	0.1503017415515221	7.780152681279883	3	0.0054753246589662	0.0382206104440824
HIST2H2AC	9.36011506287441	0.0248670235840742	0.1661498412014664				8.830785450028044	0.031627376483855	0.2096892989669603	9.095450256451226	2	0.0057724206882949	0.0399876242759741
C2orf44	3.0005114543703004	0.3915463267892973	0.8628237603437791	4.785128552552781	0.1882243974705494	0.6257119229621254	15.39146375655542	0.0015109105443457	0.0187917178758682	7.725701254492834	3	0.0058105843687697	0.0401813802109372
SWAP70	7.666083479031734	0.0534411631870996	0.2899795544074202	6.563948158705494	0.0871743767320275	0.4096288820821608	8.861920358939841	0.0311841945912834	0.2075665917436909	7.69731733222569	3	0.0059930759652782	0.0412023972612877
RASGRP2	8.85055754376998	0.0313452269900721	0.1964300891377851	3.0058511904350125	0.3907239172776738	0.8614282337296366	11.1495207729469	0.0109442349019096	0.0941371573041066	7.668643169050632	3	0.0061830143022048	0.0422380959697123
CBR3	7.500446264187935	0.0575469866459052	0.3033317800774818	9.943944264378242	0.019048689147444	0.1480267488909444	5.537399903079507	0.1364187231009428	0.5384417749216159	7.660596810548562	3	0.0062373432059766	0.0425109990839619
P4HA1	8.460562224277753	0.0373931440003788	0.2240784154222704	5.51071088550257	0.1379993895254	0.5341840321907158	8.968634774657469	0.0297108240682255	0.2005282552444769	7.646635961479265	3	0.0063326953015013	0.043086376260215
PSIP1	12.037689369230016	0.007255161484917	0.0638773997404819	7.3489095624970435	0.0615703790683421	0.3281483256098144	3.380648013610979	0.3365747488517924	0.8218723486192829	7.589082315112679	3	0.0067407557858867	0.0454184827168725
PSPH	9.456711695634135	0.0237963625349457	0.1603369810155023	6.65527255145478	0.0837360148411578	0.3983937980625726	6.626503009186556	0.0848048436757414	0.4055570322972162	7.579495752091824	3	0.0068111295508562	0.0458143384180174
B4GALT5				12.03666255514175	0.0072586194821708	0.0696653957472098				12.03666255514175	1	0.0072586194821708	0.0484933194218479
SURF4	7.460447814580426	0.0585834733549121	0.3064366298564633	9.428093701192712	0.0241087558305298	0.1767078888308711	5.644234254912211	0.130261858066979	0.5233218456627363	7.510925256895116	3	0.0073354232495426	0.0489511173396399
