Gene	Chi^2-statistic of rep3	pvalue of rep3	BH-corrected P-value of rep3	Chi^2-statistic of rep2	pvalue of rep2	BH-corrected P-value of rep2	Chi^2-statistic of rep1	pvalue of rep1	BH-corrected P-value of rep1	Average Chi^2-statistic	Number of detected	combined_pvalue	BH-corrected combined pvalue
MPO	83.09319950845962	6.658848661263965e-18	7.015938567494384e-16	111.951047125248	4.17274430582334e-24	8.150384621131157e-22	87.16606698262697	8.894922750889244e-19	1.2335917524657906e-16	94.0701045387782	3	1.5395505571642334e-55	3.5009971804744352e-53
ANXA3	61.17988246323968	3.2895308983112845e-13	2.0614393629417383e-11	46.353129738537405	4.770991984013398e-10	2.2834409979115777e-08	74.29603359781335	5.128329709502484e-16	4.852262614860107e-14	60.60968193319681	3	2.1025770128820213e-34	2.1619976675939038e-32
GM2A	80.16084625760735	2.834878697880521e-17	2.745537066189741e-15	19.81714385705429	0.0001852157690473	0.0033297372211568	73.56938385626414	7.339850103752096e-16	6.755331131853292e-14	57.849124656975256	3	1.1247264009342718e-32	1.0472354087439183e-30
DGUOK	160.4358507499035	1.4759462201875281e-34	5.442835522753084e-32	2.931641353585233	0.4022852612776736	0.8655300932580373	8.588039127451754	0.035300488059912	0.2264779094540873	57.3185104103135	3	2.4147347230652636e-32	2.2135068294764914e-30
EIF1AY	119.10038877255934	1.2055283794808427e-25	2.5127404570570265e-23	9.63175445893462	0.0219702442609521	0.1647084598276983	21.72257138308744	7.450148758737526e-05	0.0013373281211606	50.1515715381938	3	7.099843779282323e-28	5.313648904431232e-26
GSTP1	36.504997896077896	5.855974996645209e-08	1.9162828760352987e-06	44.6059115887357	1.122054077809207e-09	5.165022178552319e-08	40.05479576952432	1.0373893997794124e-08	4.151197740461174e-07	40.38856841811264	3	7.712148405950647e-22	4.4924214236633696e-20
DHX35	7.562904115795669	0.0559640152711114	0.2976056452686724	89.05527460082227	3.4951015191190867e-19	4.857518976668007e-17	2.249313173937359	0.5223006363541878	0.9457649154801998	32.9558306301851	3	2.665865670352724e-17	1.2124562135354216e-15
BASP1	22.878732222608694	4.280285945077783e-05	0.000787704062215	14.052720527614277	0.0028342623470372	0.0336894966809835	47.999865028575705	2.1296217914248608e-10	1.0415599524823816e-08	28.31043925959956	3	1.6838146236098332e-14	6.320986642598816e-13
PGK1	23.988939384400545	2.5113149612848472e-05	0.0004835037720642	31.732952309116	5.957486423717225e-07	1.9570342901911087e-05	27.399523664686548	4.854475964018139e-06	0.0001198700357554	27.70713845273436	3	3.8669917705682014e-14	1.4069900826759688e-12
NEK2				1.8910758718530285	0.5953190801483721	0.958425260020558	69.12114330804633	6.583124276299669e-15	5.553962514438154e-13	35.50610958994968	2	2.53465816272461e-13	8.466760670683196e-12
FBLN7	63.524275401847696	1.037458855442494e-13	6.860107245505264e-12				2.9016146404788743	0.4070443243477606	0.8758590307538211	33.212945021163286	2	2.205581141111502e-12	7.011020697215997e-11
TKT	18.715639870850502	0.0003130200187394	0.0046244005233799	19.55681371250473	0.0002096965661796	0.003723530918379	18.14295981086717	0.0004109740654482	0.0061731475350117	18.80513779807413	3	6.537991249758571e-09	1.439697328275514e-07
YJ017	39.12870088479688	1.6300474117279533e-08	5.703976125418837e-07							39.12870088479688	1	1.6300474117279533e-08	3.381633446260184e-07
TBC1D4	13.90329947275833	0.0030397776960123	0.0316110504873822	37.50202959594576	3.6029191273538976e-08	1.4306756337025612e-06	2.031143387953918	0.5659680047960347	0.9690275800025462	17.81215748555267	3	2.4155123373561812e-08	4.924729894696007e-07
RPL39L							37.42496113693834	3.7408055960470664e-08	1.3195789496299825e-06	37.42496113693834	1	3.740805596047066e-08	7.484776002243072e-07
MDH1	17.51214483311101	0.0005544388988894	0.0074245253666932	18.3667608957065	0.0003695101782057	0.0060830297446308	15.144555217209977	0.0016971920363282	0.0206767414871088	17.007820315342496	3	6.911678841800473e-08	1.3398459394146e-06
RCSD1	26.864642646296858	6.284845540289796e-06	0.0001391665104856	2.1954461884533405	0.5328458869810386	0.935814635531462	21.388669381262403	8.741434183641768e-05	0.001531112105107	16.816252738670865	3	8.86903332620924e-08	1.691553533587488e-06
THAP9	31.88155213262713	5.543078657272402e-07	1.5228377697973578e-05				11.040058471847953	0.0115112246578872	0.0978502421800592	21.460805302237542	2	1.2088470111825246e-07	2.258233160700372e-06
PGK2	17.822349550737183	0.0004785578197328	0.0065269023834968	7.722491522990516	0.0521090153665297	0.2951346818604315	21.021343842422635	0.0001042071390419	0.0017911597209859	15.522061638716778	3	4.726570674937073e-07	8.219367386931013e-06
CCDC74B	14.97224309345374	0.001840523440607	0.0206396944427372	6.0691073969933385	0.1082959821200081	0.4661435752122087	24.54836375785392	1.91893624011563e-05	0.000404735635311	15.196571416100332	3	7.175497363653286e-07	1.21214651893143e-05
GAS8							28.940619677340955	2.304700137901385e-06	6.029143203130135e-05	28.940619677340955	1	2.304700137901385e-06	3.511994733335551e-05
IL1RAP	14.036870421026832	0.0028553929721184	0.0299535096462487	13.59892849545176	0.003505172628177	0.0397051451157292	15.061287566752018	0.0017650164770993	0.0213234210192762	14.23236216107687	3	2.4498189989982757e-06	3.704489726746113e-05
PADI1							26.702852545921672	6.7952214814920246e-06	0.0001596167570269	26.702852545921672	1	6.7952214814920246e-06	9.657871877240768e-05
ANP32A	12.07504997862628	0.0071304432062364	0.0631271370834674	16.85453167189893	0.0007571326906636	0.0112357247544685	10.453554846572706	0.0150792940374791	0.1202069077444403	13.127712165699306	3	9.824862943949458e-06	0.0001357231358787
APBB2				25.502412950026983	1.2122078662730696e-05	0.0002959671030255				25.502412950026983	1	1.2122078662730696e-05	0.0001634476398937
MAPRE1	14.337139481206448	0.0024803808369608	0.0266613133013236	14.39246080927257	0.0024168202953462	0.0296040004651993	9.099365018107967	0.0279985342532566	0.1917842765764348	12.609655102862328	3	1.8706868777761456e-05	0.000243621941957
SSFA2	32.59957883789266	3.911960789564422e-07	1.1129934733039668e-05	3.036335555255934	0.3860568059552782	0.8597943102122637	0.5987045306324424	0.8967288773441784	1.0	12.07820630792701	3	3.6020212791887285e-05	0.0004502526598985
BRPF1	2.2077079849120813	0.5304317347700049	0.9500802303334218	1.4636046805309828	0.6906954606121223	0.9900150919959952	32.173333896712506	4.811233637553758e-07	1.4410925842187647e-05	11.948215520718522	3	4.224347643345666e-05	0.0005219739904134
CECR1	13.556192143037714	0.0035759338994301	0.0364745257741872	5.741841141319312	0.1248684689550333	0.5058432876334227	16.31402708245572	0.0009776709970324	0.013040765710087	11.87068678893758	3	4.644776347973325e-05	0.0005679884210422
SAFB2	3.839495972839009	0.2793253900875048	0.7458011250790856	28.25527208127548	3.210422711205148e-06	8.755367899577209e-05	2.652742973571522	0.4483179573692947	0.9064851209120712	11.582503675895335	3	6.601242426955955e-05	0.000777486969111
BRCA2	29.3260478477107	1.912551688716292e-06	4.738383873749821e-05	3.987136538473676	0.2628565057596189	0.7383070218129676	0.6621816006552669	0.8820610633091656	1.0	11.325121995613214	3	9.021460572513994e-05	0.0010347116515031
GLO1	10.767807836164422	0.0130500258300661	0.1014790329754048	13.47418421355932	0.003715704841671	0.0415044805112157	9.7244321593635	0.0210598293351287	0.1549489187418922	11.32214140302908	3	9.054069249914005e-05	0.0010374454348859
PDCD5	6.810162585049019	0.0782010917903529	0.3675451314146589	13.988855254769032	0.0029203619932095	0.0345991084015171	12.935283970798256	0.0047786683351807	0.0479477088457579	11.244767270205434	3	9.94234317304465e-05	0.0011282937430062
KRT8	13.10228077001237	0.0044205580826564	0.0433377412029756				14.290866146207488	0.0025348164958341	0.02873738208715	13.69657345810993	2	0.000122197407477	0.0013555200219667
NELL2	19.558286370462323	0.0002095494023242	0.0032669262918457							19.558286370462323	1	0.0002095494023242	0.0022183721418841
ADD3	10.270655551699246	0.0164001767266133	0.1209576111190527	9.22149026191392	0.0264864926840111	0.1893351954771001	12.088452346408076	0.0070862212162038	0.066550003332883	10.526866053340411	3	0.0002352428792291	0.0024682759954608
CALM1	10.093421812989764	0.0177884822205207	0.1293070261791909	12.720148716973569	0.0052825964146321	0.0546953070036485	8.022938072104656	0.0455400159701654	0.2732940851700978	10.278836200689328	3	0.0003157663373407	0.0031968638176838
AGXT							18.44175585838243	0.000356568517941	0.0054530206580585	18.44175585838243	1	0.000356568517941	0.0035641781273477
MAP3K4	4.730424998332032	0.1926349885033132	0.625248567965392	23.825036283052576	2.71715713785739e-05	0.0005914727299787	1.7479565152611256	0.6263251171896418	0.9841557483203374	10.10113926554858	3	0.0003894914934852	0.0038509505940324
AHI1				18.22294682283023	0.0003956487551001	0.006454522693248				18.22294682283023	1	0.0003956487551001	0.0039052976035554
FAM69A							17.705025878384824	0.0005059597756713	0.0073596792656565	17.705025878384824	1	0.0005059597756713	0.0048563103468457
FRMPD3	18.362126585819453	0.0003703250622647	0.0052837450848125	6.428220170294813	0.0925367155376542	0.424072823836796	4.681705858007557	0.1966439808631229	0.6453237154807963	9.824017538040607	3	0.0005392811327561	0.005146892166942
HNRPDL	10.606241598305308	0.0140572499225615	0.107053941427736	8.35283877096707	0.0392555766045504	0.2439381359596614	10.24874772404383	0.0165658347865527	0.1285153343900845	9.735942697772067	3	0.0005977456050647	0.0056456403992735
KIAA0895L				8.413757191639682	0.0381915103493736	0.238969736186081	15.06611648796507	0.0017610107182485	0.0213004450556133	11.739936839802375	2	0.000650702287564	0.0060778471962439
RPGRIP1L	10.60977948089838	0.0140343954986609	0.1069648521789831	16.333719302868225	0.000968615050129	0.0138343497377126	1.197568088338388	0.7535876434584042	1.0	9.380355624035	3	0.0009034436723138	0.0082241889338806
GPR139				14.689025729127987	0.0021026377320386	0.0263358109002487	7.997239438185238	0.0460687926455863	0.2750002693065541	11.343132583656612	2	0.0009086615916352	0.0082462957184087
PNP	9.196373401188582	0.0267907829875478	0.1749795826189433	10.287906831144095	0.016270877397604	0.1316793179759063	8.485438059757588	0.0369754869233384	0.2336703056253925	9.323239430696756	3	0.0009650435507589	0.0086846575249042
NEUROD6				16.30685412057513	0.0009809905107158	0.0139559417735107				16.30685412057513	1	0.0009809905107158	0.0088214545925588
CIRBP	11.210416553176993	0.0106408235331574	0.0860237909240421	8.54115785870727	0.0360564352884114	0.2320390541668294	8.044399126150163	0.0451029664659881	0.2716373780497704	9.26532451267814	3	0.0010316787027547	0.0092211645200866
FAH	7.378457754089692	0.0607650233471214	0.3130655797163895	10.489275510556038	0.0148338242872161	0.1249464430346283	9.924415260991797	0.0192196819331764	0.1447768302763979	9.264049508545842	3	0.0010331949918289	0.0092207779459454
AKAP2	5.137591386563477	0.1619948616533576	0.5666569622518765	15.062655268683342	0.0017638810038523	0.0228042361625055	7.412811822065932	0.0598415208520848	0.3287224943605571	9.204352825770917	3	0.0011066715386302	0.0097878765477205
LRRC69	16.015894006380577	0.0011255075131746	0.0135911411036757							16.015894006380577	1	0.0011255075131746	0.0099247772880613
SMAP	10.79607455790919	0.0128812663731748	0.1002480373262989	8.590626470975971	0.0352592219073936	0.2289473465631034	8.000401375226057	0.0460034112015989	0.2747719970530899	9.12903413470374	3	0.0012066648922626	0.0105616671732093
KIF6				3.6689478386101393	0.2995020937745819	0.7785977092478071	17.980966175121672	0.0004438433509562	0.0065886658139019	10.824957006865906	2	0.0014010217597035	0.0119877585444971
IFNK	15.517640095033792	0.0014237007458499	0.016586200183729							15.517640095033792	1	0.0014237007458499	0.0121378956883022
CPZ							15.492570097608557	0.0014406212533472	0.0180953468596615	15.492570097608557	1	0.0014406212533472	0.0122733042657282
SNRPC	11.03575722955286	0.0115340857086345	0.0916228780235195	6.239677563862674	0.100514151876758	0.447300354441706	9.611105664080531	0.0221782901335375	0.1614184107202979	8.96218015249869	3	0.0014604998947892	0.012433701408123
ARHGEF12	3.4006483072914446	0.3338781366609861	0.8083897914912966	22.82254827997175	4.397244227747872e-05	0.0009238047684283	0.558518755168298	0.905859329886206	1.0	8.927238447477164	3	0.0015198828310031	0.0128928367837968
CBX3	10.068301907405722	0.0179943781786216	0.1300151454232288	6.554627090223594	0.0875328635212819	0.4105126571501002	9.854297865246131	0.0198461383823683	0.1480635998401599	8.825742287625149	3	0.0017059903586346	0.0142165863219552
CUX2	5.378863921142158	0.1460661135923171	0.5345350752378383	2.542156357199211	0.467720636328587	0.9050112553538684	18.543137539076856	0.0003397872684847	0.0052519180246409	8.82138593913941	3	0.0017144549458007	0.0142569829353684
EXT2	11.85842817183043	0.0078841997293724	0.0682253673332335	0.2889183056972828	0.9620989941678286	1.0	14.23090016535219	0.0026071252191407	0.0294581871859162	8.792748880959968	3	0.0017711220005281	0.0146049634980789
TBCA	7.738189991775183	0.0517440553232704	0.28463683444608	9.046762526177528	0.028675570947186	0.2000370185669051	9.542660466758738	0.0228818287487631	0.1651144934087511	8.775870994903817	3	0.0018053673231459	0.0148047632428579
NDUFA4	7.021952889236551	0.0712013411211004	0.3447871003379351	7.354888362315534	0.0614065920855119	0.3282436693801737	11.941486164361264	0.007586315801716	0.0703976729391139	8.77277580530445	3	0.0018117168483422	0.0148465361965679
FAM213A	11.564365098610727	0.0090346793178694	0.0761199519329805	7.22384716066418	0.0650951080797988	0.3386913938752386	7.392620150116231	0.060382648659274	0.330261445179087	8.726944136463713	3	0.001908312225669	0.0154984835635552
GCM2	3.9226895789385927	0.2699341804378068	0.7356818993853587	16.389317963569535	0.0009434938840205	0.0135290283726514				10.156003771254063	2	0.0024365004685063	0.0192462378357302
CDV3	9.227438680060708	0.02641492528213	0.1731143565311433	9.42809677874934	0.0241087220206808	0.1768870396380309	6.731448521532228	0.0809682880567742	0.3940975712917224	8.462327993447426	3	0.0025716369941142	0.0202191538932186
KHDRBS3	13.106674659811352	0.0044115035095802	0.0432932401738537	6.097197767926357	0.1069759199210033	0.4637762287157116	5.982863473156143	0.1124469374003677	0.4827874445467866	8.395578633631283	3	0.0027714116143663	0.0215463131754646
PPIA	8.675602837466064	0.0339298098609605	0.2086715952193004	8.122492860518486	0.0435468328903185	0.2603084874262467	8.26380434776314	0.0408629703314333	0.2521003727211649	8.353966681915898	3	0.002903464801259	0.0223089481968085
CEP97	1.025541970282828	0.7950718796080368	1.0	3.393557826917347	0.3348319614439218	0.8198646740149833	20.589657880751417	0.0001280890870356	0.0021612898619148	8.336252559317197	3	0.0029615080852394	0.0226959385015918
RAB3C	4.783021855605261	0.1883924954179998	0.6166975916926536				14.97304086671685	0.0018398329291804	0.0221085680415701	9.878031361161057	2	0.0030602072036878	0.0231967629382105
CACYBP	7.933155801292339	0.0474135639343045	0.2677274740884053	10.356979311953816	0.0157631465682086	0.1298976741715439	6.596416446388658	0.0859366545009362	0.4094224424317546	8.295517186544938	3	0.0030992724278973	0.0234477904413859
ZNF580	13.829713393880006	0.0031463480671606	0.0325428104292736							13.829713393880006	1	0.0031463480671606	0.0237129164398821
FBXL20	4.029093141935882	0.2583396847338262	0.7225673562508534				15.434213642427151	0.0014807847780039	0.0184851604100028	9.731653392181515	2	0.0034486934031434	0.0256321806990389
RDX	6.265602863243204	0.099379339705809	0.4263306975835782	7.605989555954522	0.0548967634895355	0.3047149844384587	10.637013764779962	0.0138596849402739	0.1133404283807218	8.16953539465923	3	0.0035656588968708	0.0264682463625224
CCDC115	0.0406305256164015	0.9978481602155757	1.0	23.5105423136398	3.1603725401994585e-05	0.0006797622722625	0.5416239296197335	0.9096561423053232	1.0	8.030932256291978	3	0.0041569869210713	0.029991684162092
CBX5	4.297636740354658	0.2310665827238725	0.6842082752181871	12.050391549495943	0.0072125187659158	0.0694072877779947	7.64713703548354	0.0538959893264247	0.3072314166332908	7.998388441778047	3	0.0043089609141268	0.0309183633553096
ZNF207	5.906963864416794	0.1162254191951156	0.4684192178405921	7.799772100828969	0.0503362379792243	0.2887142792665511	10.18228305273256	0.0170785497202688	0.1318865273592689	7.963006339326107	3	0.004480261173957	0.0319536118106405
SZRD1	4.714534606398081	0.1939341312631331	0.6273415825070582				13.974012801589057	0.0029407400438682	0.0324667962967523	9.344273703993569	2	0.0047232760804557	0.033504942802273
PKHD1				12.886234127747608	0.0048892026191821	0.0516582855684635				12.886234127747608	1	0.0048892026191821	0.034557573802647
KIR3DP1	12.658622895378144	0.0054361418784814	0.0513514564836254							12.658622895378144	1	0.0054361418784814	0.0380144161520063
PPM1K	12.611530326203756	0.0055566420725853	0.0520792611847003							12.611530326203756	1	0.0055566420725853	0.038651348534307
FAM161A	2.6022221304922253	0.4571001118755337	0.9062605195745692	18.29017881005897	0.0003832078658463	0.0062799166586663	2.3791358915308995	0.4975302865977321	0.9362447251887436	7.757178944027365	3	0.005614444004348	0.0390075207705147
FKBP4	6.681363283131304	0.0827779393690238	0.378842426095561	8.658346821925498	0.0341957449860279	0.2246660445582034	7.844587329861359	0.0493352209822717	0.2887108538870054	7.72809914497272	3	0.0057954142407316	0.0400999259196325
TMSB15A							12.502984334723005	0.0058445422568335	0.0565139883554756	12.502984334723005	1	0.0058445422568335	0.040345424510833
CMTM1	7.589909175863648	0.0552927511684604	0.2958409030151779	10.131582647533294	0.0174801204667979	0.138670505613116	5.425879043215367	0.1431396997047571	0.553320473390974	7.71579028887077	3	0.0058736910994066	0.0405229855603757
LEFTY1							12.492223303452098	0.0058738753312956	0.056743429250035	12.492223303452098	1	0.0058738753312956	0.0405006272842976
STMN1	6.66298956966338	0.0834515316457038	0.3806533232250277	10.509398728614896	0.0146972755090561	0.1242306550923379	5.849701484092127	0.1191559897326071	0.4993109437305109	7.6740299274568	3	0.0061468970767303	0.0420886264807972
AK2	8.485194905974433	0.0369795472601149	0.2222946076050044	5.872510985704426	0.1179802962989341	0.4903068437909127	8.5922017989999	0.0352341197224573	0.2261954521687746	7.649969230226252	3	0.0063098029056727	0.0429553364188714
ILF3	7.242180827006263	0.0645664302722335	0.3256512011836799	8.474447825221542	0.0371594445034524	0.2361928807620498	6.754027993877255	0.0801649902749304	0.3916941899340715	7.49021888203502	3	0.0075011997834892	0.049972781656203
