Gene	Chi^2-statistic of rep3	pvalue of rep3	BH-corrected P-value of rep3	Chi^2-statistic of rep2	pvalue of rep2	BH-corrected P-value of rep2	Chi^2-statistic of rep1	pvalue of rep1	BH-corrected P-value of rep1	Average Chi^2-statistic	Number of detected	combined_pvalue	BH-corrected combined pvalue
HBA1	492.3063058157955	2.218100607190829e-106	5.316787155436417e-103	583.8297011717046	3.227129021975777e-126	7.774153813939647e-123	508.4633475979464	6.9905035011736e-110	3.5385928722940764e-106	528.1997848618156	3	0.0	0.0
GSTM3	255.5420882691957	4.140964470366412e-55	3.308630611822764e-52	355.37178194416543	1.024463614152643e-76	9.25474817435144e-74	270.9330332598301	1.9391194533647663e-58	1.7846950314422628e-55	293.9489678243972	3	5.040320338020355e-184	6.622420888565633e-181
AHSP	247.23185166074128	2.5973106819575503e-53	1.9156165245083841e-50	159.316092421738	2.5746651532234463e-34	8.457775028339021e-32	270.78964053787445	2.082705097727678e-58	1.7571088674495838e-55	225.77919487345125	3	5.141375640922604e-140	4.676674381069984e-137
TFRC	138.68631050462747	7.256137046246689e-30	2.174120062481664e-27	165.34654533635282	1.2858628586199177e-35	4.646465439623072e-33	123.48874249890122	1.367694636324825e-26	3.5503949995262895e-24	142.50719944662717	3	1.8243331361465898e-86	9.379451884753665e-84
BLVRB	108.17816878526048	2.706321415548864e-23	4.717856314960456e-21	110.45888968023849	8.741318514676867e-24	1.619833561681275e-21	103.55052661554492	2.6787980213158965e-22	5.11700965430229e-20	107.3958616936813	3	5.087046149883464e-64	1.5424184800608197e-61
LXN	144.42707918630546	4.19564758808065e-31	1.3409289691505755e-28	47.7017766068194	2.4645186586622017e-10	1.2283500928380508e-08	113.31789001947946	2.119362168982149e-24	4.378861754852098e-22	101.81558193753476	3	1.824350272770612e-60	4.79398710566944e-58
TF	95.31691161013018	1.5783647198264765e-20	2.2929334748024632e-18	95.90282558777425	1.1810858897906467e-20	1.855588635981957e-18	101.36373535047238	7.911316214987924e-22	1.4051607957989078e-19	97.52782418279226	3	9.758306148854334e-58	2.3549381675551527e-55
FKBP5	90.73481276395978	1.5230791532942881e-19	1.947104389571418e-17	89.96711984106827	2.226482861904375e-19	3.155057184898612e-17	91.2557330337367	1.177125364320415e-19	1.7271329258521565e-17	90.65255521292158	3	2.2797546339302237e-53	4.729490973021912e-51
CA2	71.3708830680776	2.171062246201993e-15	1.7203425468251834e-13	91.91903474370362	8.478674498529792e-20	1.2765704291848917e-17	100.83574681618056	1.0275140025033117e-21	1.7935434071281944e-19	88.04188820932059	3	1.0339586937714905e-51	2.0722985684487918e-49
SEC14L2	116.34919745859943	4.716287286442935e-25	9.228522959676502e-23	72.04553176306692	1.5565476937734032e-15	1.4998893577200513e-13	75.66200447528496	2.613447039089325e-16	2.5939742964451302e-14	88.01891123231711	3	1.069246021395073e-51	2.1073057004994563e-49
MUC16	7.018371105017156	0.0713145223182184	0.3448127281830957	63.15488650777052	1.2443842125520973e-13	9.084004751630308e-12	186.4232569177268	3.615808093332808e-40	2.033691174272297e-37	85.5321715101715	3	4.03477618197925e-50	7.69535941159752e-48
CDH1	31.880778705871045	5.545159260393629e-07	1.5190567711044031e-05	87.14793122635145	8.975034541569436e-19	1.201158789480043e-16	128.9270536183151	9.21060800121068e-28	2.742593982478145e-25	82.65192118351253	3	2.694539030596731e-48	4.901988313354823e-46
SPTB	89.0435356825822	3.5154495144549645e-19	4.213266243074275e-17	71.06510371816702	2.524435164522073e-15	2.3389862735898744e-13	73.69535113782716	6.897560656595734e-16	6.406504962144517e-14	77.93466351285879	3	2.599717440536128e-45	4.154278207343204e-43
SPTA1	67.7912979479667	1.2679554342464416e-14	9.140719325981114e-13	86.39335928297342	1.3032960386916212e-18	1.7125309948407903e-16	76.75277425483422	1.5254066816968716e-16	1.5920842521133123e-14	76.97914382859143	3	1.0442474564478836e-44	1.62476660164424e-42
ACCSL				138.3977311339507	8.373822889014012e-30	2.0868144144449744e-27	77.69098898118429	9.599030547530466e-17	1.0338360134382812e-14	108.0443600575675	2	7.098123792113151e-44	1.0760937672017695e-41
FECH	64.36364557326876	6.86229191776698e-14	4.633496824475339e-12	75.09628893437586	3.4551682472923096e-16	3.516971961011482e-14	82.99863607844931	6.977371060833656e-18	8.720852422207398e-16	74.1528568620313	3	6.3623093913498986e-43	9.064374524423199e-41
GSTM2	79.42444951180434	4.078358518449902e-17	3.759932834124775e-15	65.78786833256359	3.4026398562845345e-14	2.672921547974819e-12	65.05479616347012	4.882458055936981e-14	3.773282851779082e-12	70.08903800261268	3	2.323201277803706e-40	2.9860712076118286e-38
PKLR	68.86010588153749	7.487155269408172e-15	5.564871683960121e-13	49.92617814813256	8.283686743587679e-11	4.467627171336429e-09	83.97669688622237	4.3032212049772395e-18	5.585360446049946e-16	67.58766030529746	3	8.727542050797665e-39	1.0750331744862747e-36
S100A6	65.83693997730083	3.3213711893938035e-14	2.307630939413608e-12	69.02763777932272	6.893673865799253e-15	5.861244826838966e-13	62.63841014342662	1.60463758386216e-13	1.1603822070728936e-11	65.83432930001672	3	1.105446195721545e-37	1.2569135831160837e-35
APOE	78.8358980175384	5.453960517280392e-17	4.980245089493751e-15	46.45867851563878	4.5306752306974044e-10	2.197529522969809e-08	67.4940360405899	1.4680010120233148e-14	1.2082961175385399e-12	64.26287085792235	3	1.0737675073682815e-36	1.1866636237971895e-34
TGM2	60.48700288035308	4.625888269339847e-13	2.843142097848106e-11	31.80674516525136	5.747969060670481e-07	1.8968297900212587e-05	98.45575141758763	3.3381940282718786e-21	5.450947797132986e-19	63.58316648773069	3	2.868839819448024e-36	3.084002805906625e-34
ANK1	55.91489364134956	4.380337834683477e-12	2.4560631087102444e-10	65.80260474559437	3.3780279106212266e-14	2.6827481000065498e-12	67.34306341921382	1.581383485693054e-14	1.2911230975126193e-12	63.02018726871925	3	6.472624473277598e-36	6.833820035402466e-34
HBQ1	56.493663737225226	3.296019516687077e-12	1.8589550074115115e-10	54.41925680385216	9.132638175522866e-12	5.739267486478584e-10	66.75737391410243	2.1104518369045124e-14	1.6823790863638804e-12	59.22343148505994	3	1.5525353840055658e-33	1.5298942429888184e-31
SLC2A1	80.28418627980525	2.6673337832212682e-17	2.636535702425311e-15	31.161987097316	7.858389222558538e-07	2.501875722970509e-05	62.46136692039226	1.7507557275446996e-13	1.2570674457916692e-11	57.969180099171176	3	9.461329236526878e-33	8.950417457754426e-31
FAM210B	68.37142459657575	9.526411249362248e-15	7.026094696837325e-13				91.36328312838452	1.116140468502588e-19	1.6617361916353238e-17	79.86735386248014	2	6.739564096198286e-32	5.9474138386227416e-30
SELENBP1	47.80633105533433	2.3414509740696875e-10	1.0690396161609602e-08	27.29043941601042	5.117063104408638e-06	0.0001339891849839	93.41592518092902	4.043120646028522e-20	6.2973159108296565e-18	56.170898550757926	3	1.2592059431761844e-31	1.1029711317080285e-29
SLC25A21	22.832038365189085	4.377267516355494e-05	0.0008024711462106	59.33995176870925	8.132966473277385e-13	5.442310065034782e-11	83.39449706666866	5.7377408802597576e-18	7.261111083968723e-16	55.18882906685567	3	5.168610343489259e-31	4.428899805200036e-29
RHAG				52.804639364107445	2.017888059330912e-11	1.195350574162664e-09	97.67696649192348	4.908312988306972e-21	7.887581062479331e-19	75.24080292801546	2	6.120037882607145e-30	5.025656108460381e-28
HIST3H3	74.15003700576369	5.511408948206926e-16	4.6764061057883176e-14	30.32484697858392	1.179110696884061e-06	3.580434036294583e-05	54.46810956418295	8.916123305645795e-12	5.128797292406706e-10	52.9809978495102	3	1.2313102345490518e-29	9.771975519156065e-28
REXO2	59.33987843682767	8.133259817481409e-13	4.873855945625733e-11	38.02766963936877	2.7886054891398945e-08	1.1196251038896677e-06	42.30359792403088	3.458946036439682e-09	1.4713600702905606e-07	46.557048666742446	3	1.206189599520356e-25	8.341047961595445e-24
APOC1	32.99587293756325	3.227134957401274e-07	9.347966758780488e-06	21.50202049147285	8.279843053883873e-05	0.0016216375542118	84.54437267539818	3.250527547231724e-18	4.273810504957658e-16	46.34742203481142	3	1.6263578597910228e-25	1.1116579012733436e-23
ADD2	42.6152366000476	2.9702695358657992e-09	1.1915876280285057e-07	32.310046467480255	4.502337432175989e-07	1.5204856365577508e-05	61.16391910846279	3.3154728027184613e-13	2.3309615732445622e-11	45.36306739199688	3	6.611792382004604e-25	4.3435802731780243e-23
UROS	49.04968824655256	1.2730684378357487e-10	6.012896641364118e-09	5.593306020360823	0.1331631810105784	0.5235964685328892	79.47540084823925	3.977015976828545e-17	4.473701083268022e-15	44.70613170505087	3	1.6843651328112022e-24	1.088394409589752e-22
TFR2	23.79032045348964	2.762869056502812e-05	0.0005245621487871	48.99931600395675	1.304894549203183e-10	6.784512882799571e-09	50.07929966600003	7.684464159665804e-11	3.989616161664441e-09	40.956312041148806	3	3.452913915721132e-22	2.0313784603682772e-20
ALAD	30.08654382159707	1.323402097819926e-06	3.39272174168381e-05	34.87551568856796	1.2942999242975202e-07	4.63064631331593e-06	54.55341618738162	8.550272607412454e-12	4.946454850139637e-10	39.83849189918222	3	1.6789140892997239e-21	9.590898118825718e-20
ZNF319	27.98981711610923	3.649955142483029e-06	8.392270960701987e-05	39.08642197741324	1.6640156318932107e-08	6.911402857294387e-07	50.99474824153921	4.9047052252250575e-11	2.6412359414988554e-09	39.3569957783539	3	3.315359356363791e-21	1.8668630661429444e-19
PCSK9	50.0258445498091	7.888566043384876e-11	3.8787472422550864e-09	1.910636368264684	0.5911599900411484	0.95770303699336	64.00833052483019	8.174451422646492e-14	6.085157809034784e-12	38.64827048096799	3	9.017499674792177e-21	4.9596248211357e-19
MYLPF	95.75647940992155	1.269799778747362e-20	1.902318793535892e-18							95.75647940992155	1	1.2697997787473707e-20	6.9195310523906275e-19
HDHD3	26.887229274706225	6.216704295524548e-06	0.0001379762981145	37.40620285486061	3.7751566832730895e-08	1.482774855979055e-06	50.38604831421004	6.611197124281703e-11	3.486029150324373e-09	38.22649348125896	3	1.6348060601249654e-20	8.787082573171689e-19
IGSF8	106.32407735087868	6.781165381912179e-23	1.1610323871745351e-20	1.9329122283274875	0.5864471027750662	0.957364628813057	5.310585764220923	0.1504169698705228	0.566525819556984	37.85585844780903	3	2.7565744611915804e-20	1.4617261436587637e-18
MPP1	29.898930643092783	1.4492916676833563e-06	3.666440240039056e-05	43.87340873334653	1.6055791748062587e-09	7.297811758694864e-08	38.04335355601805	2.767365520342763e-08	1.0187930373800047e-06	37.27189764415245	3	6.274595940251628e-20	3.254258640064715e-18
FAM184B	58.19950665969836	1.42500415744869e-12	8.331060891230512e-11	29.071325933389467	2.163461000592225e-06	6.254133060512005e-05	17.818089217856006	0.0004795265407522	0.0070358357950369	35.02964060364794	3	1.4647447639005928e-18	7.339240183527334e-17
UBAC1	25.44383099158254	1.2469064035773668e-05	0.000255455952938	29.0209925965797	2.216797862369613e-06	6.35745958386714e-05	50.152943528926194	7.411892080023295e-11	3.867937908152363e-09	34.87258903902948	3	1.825473584945161e-18	9.108111874251699e-17
TCHH	92.3565339417564	6.828662040532218e-20	9.221579104876469e-18				2.5916559726924024	0.4589542407957906	0.9123213692944402	47.4740949572244	2	2.8342407443553243e-18	1.3906596183403196e-16
MINPP1	28.5703836255154	2.756709549062798e-06	6.542408702082702e-05	30.51823255738764	1.0736406381509885e-06	3.27392442696928e-05	43.26090560538304	2.166274817178641e-09	9.535376630050682e-08	34.11650726276202	3	5.2633473305816346e-18	2.489563287365113e-16
FN3K	33.96776713876564	2.0124731781198282e-07	6.0487751823864905e-06	24.793585385603244	1.705347950159617e-05	0.000392501580758	42.96424041853876	2.504403288695081e-09	1.0881793517059658e-07	33.90853098096921	3	7.041079247505911e-18	3.303998496101484e-16
TPST2	18.95229433144881	0.0002796791132104	0.0042030773314445	44.06959594456467	1.4586723074547535e-09	6.672040991123736e-08	36.27212254669891	6.559164222679808e-08	2.258672741170421e-06	33.09800427423746	3	2.185887985258195e-17	9.979971206825542e-16
SUMF1	42.15598387169412	3.7176830149057926e-09	1.448989623858404e-07	33.06520948751417	3.120264010004373e-07	1.0636862264293208e-05	21.931968765118818	6.739214727168028e-05	0.0012293299080693	32.384387374775706	3	5.916580183060726e-17	2.600875861141007e-15
AK1	32.2046119581418	4.738746501678926e-07	1.3169594625535516e-05	23.893608540034016	2.6290682794940275e-05	0.0005740264790303	37.90310459098053	2.9631827060437903e-08	1.0752423554117325e-06	31.333775029718783	3	2.555252846053814e-16	1.0869016152728904e-14
ZNF215	73.28817858037752	8.432188778089981e-16	7.030245739506676e-14							73.28817858037752	1	8.432188778089981e-16	3.4863857447872045e-14
APLP2	23.93603655908865	2.575996198588326e-05	0.0004920050109973	43.12108775228599	2.319541527982817e-09	1.0412004113498024e-07	22.667042341179947	4.7378312343797554e-05	0.0008999212648566	29.90805555085153	3	1.8493156382681788e-15	7.438148783170482e-14
HIST3H2BB	34.03643270148648	1.946409949970785e-07	5.924501142958692e-06	8.316100882039034	0.0399112094115977	0.2469506082342611	45.889322569520445	5.987264928579023e-10	2.8324799129408442e-08	29.41395205101532	3	3.665695537849803e-15	1.4353261501680108e-13
RNH1	26.555184693756235	7.297040107820331e-06	0.0001572225180983	22.78666792292913	4.473597156486812e-05	0.0009344129089575	38.50513995371955	2.2094471053308492e-08	8.31540613173588e-07	29.28233085680164	3	4.397873639227321e-15	1.7106860455218117e-13
HEBP1	36.01020235204515	7.451276048124385e-08	2.381427824980553e-06	18.80999489667093	0.0002992775116514	0.0050534546184689	31.97852265261389	5.288296029192386e-07	1.551846637667934e-05	28.932906633776657	3	7.129456083032254e-15	2.7283436304807895e-13
HIST1H1E	38.82206215812698	1.893037197182e-08	6.50553428192868e-07	33.96743461555055	2.012798485309595e-07	7.061405171520603e-06	13.254103907572174	0.0041181066201188	0.0424991961489122	28.68120022708324	3	1.0094025717240712e-14	3.82570045212729e-13
SVOP	32.784134884826585	3.5766433601579133e-07	1.0267322316525171e-05	15.915494842500088	0.0011801294735662	0.0162763276821811	34.95629920045833	1.244425338471759e-07	4.144263857463187e-06	27.885309642595	3	3.0255664318955674e-14	1.107657060593346e-12
KEL	39.572454894201066	1.3127232461887032e-08	4.696414359872121e-07	8.315476907815784	0.0399224367762749	0.2468087686759102	31.997610891027144	5.239537453106446e-07	1.546503707733226e-05	26.628514231014663	3	1.7029851441794491e-13	5.720965718727837e-12
ACSS1	15.40611134925104	0.0015005205288826	0.0173546330891758	22.82122480000208	4.400037373002643e-05	0.0009217121766576	38.9530215937684	1.7758977356628816e-08	6.836193412871108e-07	25.726785914340507	3	5.856681968287786e-13	1.9291159965181916e-11
GCLM	21.75637945803156	7.330504292881648e-05	0.0012709742343607	18.465888093484168	0.0003525007460493	0.0058295718345503	32.1963492731822	4.757788705237446e-07	1.4335670491614255e-05	24.139538941565974	3	5.099657207045327e-12	1.5542125379719328e-10
PBK	39.46494566603549	1.3834249714828465e-08	4.894567758884697e-07	10.008156169524462	0.0184969321112479	0.1448291748298901	22.503152975064268	5.125258954671406e-05	0.0009680619712144	23.992084936874743	3	6.230937190281297e-12	1.874830337788202e-10
HSPB1	20.324367802181488	0.0001453934153274	0.0023708028336053	24.60050109849385	1.8713981460507208e-05	0.0004239684765363	26.558478939734314	7.285452027154331e-06	0.0001695584283285	23.82778261346989	3	7.788328216196089e-12	2.3139945014200696e-10
LHFPL2	43.92652889208748	1.564401994186686e-09	6.493284121325519e-08				19.651885243110293	0.0002004038434084	0.0032514238952999	31.789207067598888	2	8.413145058341192e-12	2.493369431450742e-10
ILVBL	4.077424672914548	0.2532241208527097	0.7147226584444454	1.325507603167975	0.7230851394612868	0.9949992960561158	64.67589943969118	5.884152083363204e-14	4.5129663403006876e-12	23.359610571924566	3	1.469448546254195e-11	4.258879671435258e-10
PPOX	24.794126042826377	1.704904252895916e-05	0.0003405546245159	10.28704227818402	0.0162773333354664	0.1315842147823442	34.47822375676286	1.5701831138749134e-07	5.144509334909263e-06	23.18646402592442	3	1.857708535604392e-11	5.306136095053605e-10
MFI2				56.14386970807503	3.914203545925725e-12	2.5033583209208155e-10	4.470950107221486	0.2148961541785371	0.676284944017255	30.307409907648257	2	3.3757187956501706e-11	9.526939083189324e-10
EML5	40.23977849133169	9.478232954729554e-09	3.468599143891105e-07				18.554985366959475	0.0003378781502745	0.0052303950969105	29.39738192914558	2	7.906629193685479e-11	2.164256717947472e-09
TXNIP	18.869818114081585	0.0002908771126944	0.0043509044563405	18.76396074471158	0.0003059055774874	0.0051533324207493	28.6567209482596	2.643971134747943e-06	6.828460144945963e-05	22.09683326901759	3	8.088865135522291e-11	2.2090261022529118e-09
ASAP3	5.678292780598498	0.1283552208219658	0.4954387509021773	29.99861048763441	1.3809861297192023e-06	4.0903224424101134e-05	30.540926103415767	1.061898123942575e-06	2.953477089778744e-05	22.07260979054956	3	8.357050243006133e-11	2.271772853414885e-09
IRF6	6.065490531563005	0.1084670793277342	0.448655028729213	10.849025105631853	0.0125709042492073	0.1093260228748757	49.12660833443056	1.2259590064402132e-10	6.205804490600359e-09	22.013707990541803	3	9.046706151419248e-11	2.44799314051562e-09
CAMKK1	49.14724643428486	1.2136183741944918e-10	5.789140781978501e-09							49.14724643428486	1	1.2136183741944918e-10	3.239511800191843e-09
H2AFX	10.404619370645465	0.0154220761844396	0.1155209894190684	43.0502185159431	2.401317386168464e-09	1.071254367274043e-07	11.698124443884645	0.0084921527530965	0.0767629950645979	21.71765411015773	3	1.3471804943101244e-10	3.5718406603626054e-09
TAL1	30.38125207906313	1.147322779360349e-06	2.9571319377707056e-05	20.14716162389319	0.0001582295990467	0.0029171564089563	14.531397719994638	0.0022642227275694	0.0261677978241019	21.686603807650325	3	1.4045854381538622e-10	3.699158754158e-09
TMEM14C	4.74665346981959	0.191316580478684	0.6235021664274721				52.659016530205896	2.1674073628102838e-11	1.2190462300606284e-09	28.702835000012744	2	1.5120805556148119e-10	3.9646014567949345e-09
SLC9C2	1.3001011166478218	0.7291090652595895	1.0	26.150965853007776	8.867860300647456e-06	0.0002217578767916	37.40253381361835	3.7819123543473226e-08	1.329447245674038e-06	21.617866927757984	3	1.5404789733728178e-10	4.030124747817162e-09
CTSL1	37.75759792572829	3.180977446007309e-08	1.0626903049588182e-06	3.780748634831573	0.2861333425161039	0.7664513218546639	19.82835900430913	0.000184227576117	0.0030228848956386	20.455568521623	3	7.304712001908693e-10	1.8108641388379517e-08
TSC22D3	13.05435396084762	0.0045205241775122	0.0440475465589305				39.51859263715636	1.3476818721516193e-08	5.207607356359921e-07	26.28647329900199	2	1.4301362767364031e-09	3.4095486839532184e-08
NMNAT3	38.974884508935645	1.7570596490468832e-08	6.08183679244098e-07	6.954996567405456	0.0733461021485473	0.3691311143645903	13.291027593663038	0.0040477027182606	0.0419866212291709	19.74030289000138	3	1.8937961648109644e-09	4.469888153470989e-08
CTNNA1	17.199681633895594	0.0006429572364845	0.0084101964303058	11.433022541876882	0.0096006501163653	0.0871657014961963	29.90642053716288	1.444044106619438e-06	3.919437677055011e-05	19.51304157097845	3	2.560979099534136e-09	5.9263361745579575e-08
DNAJC6	23.996493616493545	2.502211885758917e-05	0.0004827204740574	12.78496175500038	0.0051254860729442	0.0532976803585156	20.956380726991004	0.0001074950121815	0.0018445415310613	19.24594536616165	3	3.649294752802523e-09	8.29863662536343e-08
SARS	17.917180435368987	0.0004574916720115	0.006275293492485	17.14023951950362	0.0006613223436043	0.0100830729477389	22.634188234390443	4.813084536047249e-05	0.0009125031431262	19.230536063087683	3	3.724551059151475e-09	8.453515599705605e-08
ECI2	13.119654049790396	0.0043848636898798	0.0430758945272213	20.943868333026817	0.0001081400462899	0.0020458851165907	23.36573389524548	3.388000182861304e-05	0.0006621643600634	19.1430854260209	3	4.181838229179442e-09	9.455112248574935e-08
ARFGEF2	5.481056999907007	0.1397760188004212	0.5218740141193298	7.954511316209358	0.0469612341842931	0.2752545332115867	43.88056373382581	1.599970350361707e-09	7.135726796062521e-08	19.105377349980724	3	4.395864403124578e-09	9.882337750370368e-08
KIF7	8.398138242534653	0.0384616122802683	0.2281992193955526				41.095607513970826	6.240891830681873e-09	2.568406052594442e-07	24.746872878252734	2	5.938042404438988e-09	1.312473858551234e-07
TSPAN31							40.87473196672828	6.951719501761395e-09	2.83787129983195e-07	40.87473196672828	1	6.951719501761395e-09	1.5222978353394168e-07
SEMA3C	39.60356595493159	1.2929451885315343e-08	4.642980699490769e-07							39.60356595493159	1	1.2929451885315343e-08	2.7547886224117826e-07
H3F3C	39.56033982981208	1.3205065799680013e-08	4.706697802503046e-07							39.56033982981208	1	1.3205065799680013e-08	2.803409391045173e-07
SYT3	17.818946046606403	0.0004793315572156	0.0065281689923066	16.612337318452287	0.0008490675389976	0.0123713933555165	19.95611895752468	0.000173334060462	0.0028720687857907	18.12913410752779	3	1.5932482675851157e-08	3.316929712005985e-07
KIAA1984				45.65127091304924	6.727252615852552e-10	3.1570035490108065e-08	1.1090057030296794	0.7749005279686813	1.0	23.38013830803946	2	2.08885032241157e-08	4.303250010891431e-07
KIAA2018	2.9574178331678853	0.3982372121797183	0.866023676656643				43.66261056633213	1.779938216321569e-09	7.86903690045396e-08	23.310014199750007	2	2.2277381591577886e-08	4.557613102429212e-07
KRT1	15.929824690460071	0.0011721752347188	0.0140837295118854	11.305396001301483	0.0101840736206196	0.0916566625855769	25.782228421322536	1.0593009057967552e-05	0.0002409969071974	17.672483037694697	3	2.9007194701437078e-08	5.863420125546895e-07
L1CAM	41.57623725974676	4.935032370722367e-09	1.892683614819442e-07	3.756165226267549	0.2890261864746337	0.7685034031097049				22.666201243007155	2	4.01971901512429e-08	8.00221840973817e-07
PPT2	34.20841626911559	1.7902921318803214e-07	5.484128102386108e-06	11.986401385200224	0.0074298890805437	0.0711202760067414	5.029672180664387	0.1696372508982884	0.6051471205406173	17.0748299449934	3	6.333755289610974e-08	1.2318528996652922e-06
BLVRA	21.738754441498845	7.392637253720118e-05	0.001279433321095	12.561263324735194	0.0056881802904057	0.0580628233880823	16.270950872247255	0.000997774862713	0.0132914114606664	16.85698954616043	3	8.411294267416654e-08	1.6146680959773038e-06
MICALL2	20.37972769361939	0.0001415999964215	0.0023168272452051	9.5925948057598	0.022366438308662	0.1664698760625136	20.53801517726781	0.0001312887306208	0.0022115925271297	16.836779225548998	3	8.635376314166743e-08	1.6496498370762805e-06
CWF19L2	40.571226847548	8.062195478526018e-09	2.9730896249272097e-07				2.789495217251029	0.4252321120656667	0.8898408231816474	21.680361032399517	2	9.895829991645867e-08	1.872291034419398e-06
SLC40A1	18.32033602955348	0.0003777545984693	0.0053341842269873	6.37548245585555	0.0947046600199726	0.4320900113411252	25.493101986243268	1.2176577642504211e-05	0.0002721317263856	16.729640157217432	3	9.92611289242853e-08	1.8750205264052292e-06
MLL2	0.3190895269306314	0.9563991711998951	1.0	1.7313865835660474	0.6299785316308206	0.9734562429112552	47.73318932379187	2.426879592959493e-10	1.1812369711116302e-08	16.59455514476285	3	1.1829762383565077e-07	2.2134009523047e-06
DOCK1	42.54712965631215	3.0708106918255604e-09	1.2216984611296046e-07	4.027855563270981	0.2584718998446208	0.7305343841130523	1.64357125472697	0.649551174205226	0.9921629583062324	16.07285215810337	3	2.3247384372511537e-07	4.242288892051681e-06
YK041	40.004786697800256	1.0630225829415028e-08	3.860704744410276e-07				0.756638711845047	0.8598078267351723	1.0	20.380712704822653	2	3.226504634919988e-07	5.745996582519406e-06
T	32.57704639541793	3.954992564064729e-07	1.1120372054033027e-05							32.57704639541793	1	3.954992564064729e-07	6.938840811582407e-06
ECE1	18.44045911937585	0.0003567884155644	0.0051364674601081	7.225051788622983	0.0650602425621642	0.3387538710351304	20.90557742024585	0.0001101380476796	0.0018866964377472	15.523696109414894	3	4.716655608856475e-07	8.214205092007043e-06
GALNT5	16.922842908209347	0.0007330399144684	0.0093962389036406				22.905363264319323	4.225936081679614e-05	0.0008102912289947	19.914103086264333	2	4.923287278781166e-07	8.511384805787614e-06
TMEM168	36.08360647523482	7.189697771297972e-08	2.30551244920418e-06				2.8787919077356365	0.4106930623649835	0.8781112066278971	19.481199191485228	2	7.28010331683106e-07	1.226313699736856e-05
METTL7A	21.875886086084645	6.922714405221179e-05	0.0012090161332834	9.971575983853654	0.018809301688084	0.146639507335257	13.617634344974372	0.0034746382049826	0.0370676893437766	15.155032138304223	3	7.567379523805189e-07	1.2674824768979654e-05
HIST1H3A	26.17251278794879	8.776199995674966e-06	0.0001857532131534				12.668567841875792	0.0054110272586391	0.0531340833816317	19.42054031491229	2	7.689731903831162e-07	1.2843372847853602e-05
ERMAP	26.508449712364136	7.463432650021572e-06	0.0001600881258353	4.544057358859114	0.2083939765149414	0.6556653322914592	14.344722441251534	0.0024715714814305	0.0282099094453244	15.132409837491592	3	7.789649274429178e-07	1.299190446687236e-05
PPFIA3	43.36441367594246	2.059366038081456e-09	8.4381203303953e-08	1.085173578948316	0.7806543925460427	1.0	0.8309971469938202	0.842039454459834	1.0	15.093528133961533	3	8.186896621863473e-07	1.35969174934741e-05
ABCB10	12.497681140725224	0.0058589798801947	0.0544868080420054	9.703970767593535	0.0212575892324032	0.1605314497205621	23.00288954869222	4.032705390129767e-05	0.0007747079576788	15.068180485670323	3	8.456618198134511e-07	1.398594548153015e-05
CTNNB1	6.886653650286279	0.0755996097130619	0.359013896943456	9.594310409027369	0.022348934899571	0.1665110850713404	28.18594067787761	3.3198477203129595e-06	8.508895777328708e-05	14.88896824573042	3	1.063199734392732e-06	1.7269693487903923e-05
AGPAT5	16.457350741595533	0.0009136334918405	0.0113617612448337	9.644506733955474	0.0218427175239478	0.1639224502030854	18.33615821818926	0.0003749244462092	0.0057078723209357	14.812671897913424	3	1.1718722131670426e-06	1.8905032633970365e-05
SLC38A5	6.79427717574046	0.0787520914243145	0.3688691023821825	8.211267439063139	0.0418413880755054	0.2549643436945009	29.386758876742583	1.857167906916264e-06	4.947886286742172e-05	14.79743449718206	3	1.194859593652442e-06	1.919730257464691e-05
TMEM27				30.81913651896408	9.27944611812325e-07	2.8782213345784005e-05	6.891066587111562	0.0754521020604725	0.3770370588648685	18.85510155303782	2	1.2798171207303538e-06	2.0478805754582454e-05
ART4	31.25344009841609	7.517506122072673e-07	2.0133477290065023e-05				6.035585203471908	0.1098917045291256	0.4770770225784168	18.644512650944	2	1.5465625575647132e-06	2.4449334549736275e-05
BRAP	33.883979568193546	2.096124969520288e-07	6.260948974380223e-06	7.563230862391959	0.0559558462336443	0.3096423435915373	2.297153098548636	0.51306651711026	0.9430438306507392	14.58145450971138	3	1.5730503722507493e-06	2.4735798739182325e-05
GLRX5	12.129019891069468	0.0069540107851424	0.0621389146392782	18.12177869391149	0.0004151302425553	0.0067419017144885	13.357618797343044	0.0039237299133984	0.0410794639537185	14.536139127441336	3	1.6663332460586252e-06	2.59609889784496e-05
CCDC57				35.67408735268545	8.775782706351842e-08	3.187064402955013e-06	1.1456858115644803	0.7660583404058658	1.0	18.409886582124965	2	1.9092160466097822e-06	2.9473211163395137e-05
GATA1	17.098066495005472	0.0006746672701114	0.0087414997105791	7.47380410347228	0.0582353706602791	0.3181156642190756	17.99241547373683	0.0004414367459152	0.0065625633122554	14.188095357404862	3	2.591029675097864e-06	3.898082176594432e-05
SC5DL	0.2228843531109764	0.9738130771470976	1.0				35.200439927369665	1.1050606162527128e-07	3.692288342885301e-06	17.71166214024032	2	3.567436337609153e-06	5.2797164821311936e-05
SCG3	2.773268579731952	0.4279193101910302	0.8851974856767201	22.01295882629563	6.48273786444316e-05	0.0012978046134717	16.80848576893972	0.0007738149674012	0.0106297187652237	13.864904391655765	3	3.897256751843491e-06	5.7106643234881387e-05
40973	29.962741055056384	1.4051874846746736e-06	3.564269207158934e-05				4.554562431288456	0.2074747722274292	0.6636570597252742	17.258651743172422	2	5.344055442140496e-06	7.69713222939237e-05
GSTO1	13.830062732644969	0.0031458334975387	0.0325726258902819	13.753021507656763	0.0032613561511621	0.0374718933298072	13.23816187002438	0.0041488773789805	0.042729638438249	13.607082036775369	3	5.39087350664574e-06	7.755119126044511e-05
ATP5G2	14.917411207051396	0.0018886043241009	0.0210802540855413	13.519527883090896	0.0036377674518739	0.0407599153096021	12.178037923859891	0.0067975084289467	0.0643158647987451	13.538325671334064	3	5.876963187582676e-06	8.413449115395296e-05
METTL18							26.900837301700665	6.1760066912422765e-06	0.0001474667258069	26.900837301700665	1	6.17600669124226e-06	8.809563223635671e-05
CWH43	15.705013712646643	0.0013033303546775	0.0154275696798128	17.08115408232284	0.0006800937866102	0.0103474479912265	7.151982046498879	0.0672081602828707	0.3523642748336529	13.312716613822788	3	7.797104176307576e-06	0.0001096322911829
PGBD3							26.180987238448427	8.740409251129953e-06	0.0002020271763891	26.180987238448427	1	8.740409251129953e-06	0.0001215945169348
SLC25A13	16.769830427944555	0.0007881012950255	0.0100216382184419	2.2121792568644407	0.5295534232510704	0.9348027820799916	20.661003068305256	0.0001237960726725	0.002099349145288	13.214337584371416	3	8.817631629012145e-06	0.0001225246698155
DIEXF	12.821665387381843	0.005038573783259	0.0481653493857302	2.311454569665548	0.5103300679845502	0.9245814493167068	24.170368339051223	2.301542892202521e-05	0.0004716765230902	13.101162765366205	3	1.0155744348586008e-05	0.0001399669894196
AKR1C1				13.720361420374427	0.0033115890134268	0.0379284529319106	19.074699107330467	0.0002638458097798	0.004160708688803	16.397530263852445	2	1.1482085823769632e-05	0.0001560639826046
MAOA	7.058930915598383	0.0700429758654281	0.3407265614397387	20.766610397775107	0.0001177030391276	0.0022152079785825	11.09266766556235	0.0112351960360981	0.0961497249953147	12.972736326311948	3	1.1918411627467658e-05	0.000161068819994
DBT	7.223026530694381	0.0651188699161396	0.3274041556140254	22.697936199653974	4.66813785217886e-05	0.0009666656807362	8.16636108677527	0.0426957791247417	0.2605497696557475	12.695774605707877	3	1.6813642627553655e-05	0.0002211583137606
SMIM1	28.83379545953387	2.42693726465284e-06	5.876129922598844e-05				2.917530443182036	0.4045159127105585	0.8746943828025833	15.875662951357953	2	1.8209632338070595e-05	0.0002379324888372
TBC1D1	30.432683348038783	1.1190840023534154e-06	2.892123292335457e-05				0.9012054617565396	0.8251368936374379	1.0	15.66694440489766	2	2.1886437446443493e-05	0.0002825405270788
PHB2	11.999210573968366	0.0073858652346941	0.0647309651464789	12.96941550529359	0.0047032151502224	0.0502069954071749	12.38561966398172	0.0061724402604095	0.0591759329511237	12.45141524774789	3	2.2750088814770067e-05	0.0002930498913231
MGST3	3.910073104973887	0.2713397730005998	0.7359563630918673	9.61867121972659	0.0221018402680466	0.165523315665464	23.774666132010807	2.783731790344416e-05	0.0005569664159179	12.434470152237097	3	2.323114616881232e-05	0.0002985959820067
RPF2	12.016992540332684	0.0073251773379501	0.0643756189883284	8.411913858082709	0.0382232908828384	0.2389616982787832	16.860588813923847	0.0007549649734181	0.0103990005318173	12.429831737446412	3	2.3364567938079343e-05	0.0002996594532188
WDR75	7.266797437102662	0.0638631128690614	0.3227830923503221	18.84439998695165	0.000294417286396	0.0049830298097997	10.803407491434806	0.0128378392846339	0.1072362086779161	12.30486830516304	3	2.725790321728179e-05	0.0003458419587385
ADD1	14.141340787621496	0.0027189420097954	0.0289336470476344	7.207889664845159	0.0655586766691882	0.3401238738608924	15.242381702294423	0.0016208062366204	0.0199866532759387	12.197204051587027	3	3.112078189266408e-05	0.0003919097400221
PROS1	10.901471579161214	0.0122707629024962	0.0961995704898886	8.233325542307012	0.0414278386389644	0.2530845222686355	17.34372063733934	0.0006005306437712	0.0085390059516012	12.159505919602523	3	3.259715150755029e-05	0.0004096294543855
GPT	3.803025780298557	0.2835343778720534	0.7509744792920576	16.856631357768688	0.000756380560063	0.0112476590690852	15.640779497275922	0.0013434115879362	0.0171077973789521	12.100145545114389	3	3.506302899460901e-05	0.0004392164384123
MYO3A							23.190208935098624	3.685921365620476e-05	0.000717620536645	23.190208935098624	1	3.685921365620476e-05	0.0004597681450259
FAM155A	10.404756369008474	0.0154211059186746	0.1156040371761158	2.15090230866454	0.5416837121224869	0.9419509594584246	23.619476686586506	2.999240818702477e-05	0.000597722717491	12.058378454753171	3	3.690741691788495e-05	0.0004598843045879
BAG2	18.29151055095464	0.0003829654057724	0.0053918829817124	3.697899855550825	0.2959875345534389	0.7750369247165592	14.050228937737304	0.0028375737240632	0.0315341343385471	12.013213114747591	3	3.900958322598941e-05	0.0004855666543656
GALNT10	16.332188665506795	0.0009693159546478	0.0119304253827515	4.947873535700818	0.1756541356978877	0.6053659698086002	14.571619740473936	0.0022218570392744	0.0257959640660721	11.950560647227183	3	4.212232942281693e-05	0.0005210214910301
MAP2K6	16.74504121329492	0.0007974005488209	0.0101264588901925	3.2243587781315	0.3583100022117206	0.836674115019097	15.60336493536304	0.0013673191706586	0.0173903759846088	11.85758830892982	3	4.719769938335194e-05	0.000576562804967
C5orf51	0.5931352288674521	0.8980020921180458	1.0	31.146516920906148	7.917559709130809e-07	2.509658070960016e-05	3.7809499124486585	0.286109764935295	0.7697515971844079	11.84020068740742	3	4.821166344344873e-05	0.0005877349692977
TJP2	12.86295762606628	0.0049425377862945	0.0474840203356636	10.430935009189923	0.0152367987878431	0.1273021327627077	12.148822662371565	0.0068903613884404	0.0649516002761373	11.81423843254259	3	4.97657357451151e-05	0.0006060554327353
LGALS7							22.41251369455976	5.352919450843687e-05	0.0010054351859061	22.41251369455976	1	5.352919450843687e-05	0.0006445852597375
FCGBP							22.283294660606	5.695007456548183e-05	0.0010637685514777	22.283294660606	1	5.695007456548174e-05	0.0006823045914253
RYR2	10.098769739935472	0.0177449477744372	0.1294813997422411	0.4555086542479017	0.9285514109204888	1.0	24.436097052823047	2.025425845881896e-05	0.0004236655219774	11.663458482335471	3	5.9816687523183646e-05	0.0007108867637805
MAP1LC3B2	14.590910744772152	0.0022018177443778	0.0239898051512442	3.1431507253314392	0.3700764007498699	0.8458387565525964	17.07030128031874	0.0006835988418851	0.0095458685175795	11.601454250140776	3	6.450772141719703e-05	0.0007605222390412
KRT10	11.316469252823964	0.0101320983118411	0.0831734234708326	2.3606983011645606	0.500992547664737	0.9255299442671406	20.871494691168795	0.0001119473669059	0.0019144512543166	11.516220748385772	3	7.155225497709153e-05	0.0008377281337664
UBQLN3	21.72334056861212	7.44740515948134e-05	0.0012865895616055				6.774772743413334	0.0794337445068483	0.3901927362383954	14.249056656012726	2	7.568903011386426e-05	0.0008817958434447
RPL22L1	13.722356703282228	0.0033084983062146	0.03399987326901	5.601359297989768	0.1327003439445369	0.5229146050638868	15.018922800725443	0.0018005493215145	0.0217009063464449	11.44754626733248	3	7.77745333271775e-05	0.0009043105767884
SLC39A7	29.788410235308472	1.5289735267961955e-06	3.8578416249794536e-05	3.7430688943278856	0.2905779820378804	0.7697973153180944	0.6451551785342856	0.8860216921523325	1.0	11.392211436056884	3	8.317302113318573e-05	0.0009623492905087
NADKD1	6.945442429833461	0.0736571878958883	0.3529360907275248	15.591258667080226	0.0013751450399176	0.0185413679169498	11.2330594405615	0.010530134555146	0.0919026571002574	11.256586845825062	3	9.80130500452378e-05	0.0011144272276778
METTL13	9.953929040964706	0.0189618425192528	0.1350714309618101	6.7570349213588266	0.0800585961146696	0.3883110564568573	16.906831771129664	0.0007386176370955	0.0102295006264779	11.205931911151064	3	0.0001041994941704	0.0011790995392973
BNIP3L	23.22929635984374	3.617395436500865e-05	0.0006708624264056	8.864548585687661	0.0311470631225422	0.2095901538050395	1.5145646718547725	0.6789129144714898	0.996999469989754	11.20280320579539	3	0.0001045939465075	0.0011824315654413
NUDT4	16.246043598645127	0.0010095859829856	0.0123468244960028	3.0255538347601645	0.3877020335474474	0.8608057131942864	14.31767286309918	0.0025031385757206	0.028505933566474	11.196423432168157	3	0.0001054028335963	0.0011904379248108
PRPS1	4.718693201445466	0.1935933527474376	0.626662074997445	2.9896046313165434	0.393230716125221	0.8624820593131933	25.681396243102903	1.1120475336280055e-05	0.0002513028846082	11.129898025288304	3	0.0001142127319362	0.0012801569243088
DDX52	7.47192977628782	0.0582840995670275	0.3062070940540601	25.62451660953405	1.1429490883305463e-05	0.0002800031546225	0.1701378503647516	0.98225968762421	1.0	11.088861412062208	3	0.0001200040940652	0.0013349467660596
PROM2				20.69365908299792	0.0001218791727384	0.0022819191227474				20.69365908299792	1	0.0001218791727384	0.0013545312195786
GFI1B	18.49068141537333	0.000348369609672	0.005022808748174				8.908377040829713	0.0305341958431588	0.2047206614014172	13.699529228101522	2	0.0001218855399031	0.0013533300557319
H2BFS	17.962332959671617	0.0004477879159328	0.0061953687416515				9.26167399020031	0.0260066984375195	0.1813304510891512	13.612003474935964	2	0.0001314621883513	0.0014514849460831
RCL1	15.199036269280796	0.0016542213729532	0.0189720987127705	3.054102046957739	0.3833586908718335	0.8580158745527224	14.724705327813846	0.002067680280507	0.0243976633564726	10.99261454801746	3	0.0001347434579409	0.0014849407177556
PHB	12.218982745856309	0.0066694536239023	0.0603270956094108	7.857352667715801	0.0490536498665813	0.2831555332154822	12.671529520464984	0.0054035701399985	0.0531639884327941	10.915954978012364	3	0.000147743472151	0.0016206554343094
MGST1	12.601924764163927	0.0055815431578496	0.0522105715097198	5.709403847662819	0.1266368093108879	0.5095791875778323	14.34896321400408	0.0024666583772852	0.0281856088167447	10.886763941943608	3	0.0001530111453335	0.0016722336354611
TRAF3IP2	4.72553927284573	0.1930335623723167	0.6256949952757853	2.6499356349045184	0.4488023600269731	0.8954982484580162	25.098328516159363	1.4726545589439574e-05	0.000320626983973	10.824601141303203	3	0.0001648510254128	0.0017916942789582
PRSS1	12.474423333862026	0.0059227154165732	0.0548137021371662	9.336324015455348	0.0251378867701878	0.1824011121366941	10.543767089752292	0.0144669200857364	0.1168899432944902	10.784838146356556	3	0.0001728915853572	0.0018739165873962
NUSAP1	0.5484572330017077	0.9081236445229766	1.0	28.700667963482672	2.588364337689095e-06	7.19465733403042e-05	3.017259080716584	0.3889718125765075	0.8637750889503316	10.755461425733657	3	0.0001790780421699	0.0019356470280256
CFB	13.88065275273479	0.0030721888937678	0.0319134854966909				12.530808459318964	0.005769367279385	0.0560547738354075	13.205730606026876	2	0.0001865812425649	0.0020094018154195
E2F4	15.46966599069895	0.0014562543342595	0.0169243230992487	1.9973360154744035	0.5729598085259924	0.95299897266222	14.678441399578851	0.0021131201113798	0.0247320555001262	10.715147801917402	3	0.0001879227371139	0.0020201694239747
APOBEC3C	11.45817491074693	0.0094896226644532	0.0791186974841549	10.615357743632824	0.0139984346935563	0.1197238905684397	9.952009489797074	0.0189785083239602	0.1431731879819474	10.675180714725608	3	0.0001971142638753	0.0021113008789188
C17orf109							19.677823351718395	0.0001979404849773	0.003226971771192	19.677823351718395	1	0.0001979404849773	0.002116316668044
ABHD11	8.872160162723976	0.0310397710219722	0.1952817090279986	5.648207884111346	0.1300380297340453	0.5177877911228352	17.402270531739678	0.0005840911231287	0.0083286458176841	10.640879526191666	3	0.0002053535189429	0.0021876624878381
PGRMC2	12.083403334318284	0.0071028488589727	0.062940956432376	9.484973239036965	0.023491758433631	0.1735940063393165	10.328424921500185	0.0159711227879807	0.1253423620973002	10.632267164951813	3	0.0002074747543668	0.0022023240308684
HBS1L	11.629144452241068	0.0087677924664646	0.0741319172561402	8.674890515034598	0.0339407474530921	0.2240089331904085	11.452621217462	0.0095140282414697	0.0847141793462089	10.585552061579222	3	0.0002193608119577	0.0023077772254448
HIST1H2BD	12.494936249379812	0.0058664665239719	0.0545035668913209	8.981677919884923	0.029535483036467	0.2027093408400259	9.888075931442753	0.0195418869730405	0.1464412018616306	10.45489670023583	3	0.0002562652945846	0.0026628621339749
HIST1H1B	9.329176579994984	0.0252198245765206	0.1676890971148959	15.12526425185414	0.0017126713431012	0.0222616471161741	6.794686943175202	0.0787378313216399	0.3880924071569047	10.41637592500811	3	0.0002682631703803	0.0027777688176424
PNPO	5.67007995265925	0.1288125415246118	0.4958067636041665	11.831704640912047	0.0079824767153588	0.0751163531535131	13.686156166205729	0.0033650201571736	0.0361266851232513	10.39598025325901	3	0.0002748369506389	0.0028334323812598
C22orf25	16.152971245131543	0.0010549631653047	0.0128525880926829	3.0946780316333395	0.3772567904499863	0.8522772193129261	11.893514990765702	0.0077569787408546	0.0716529678580406	10.38038808917686	3	0.0002799687629716	0.0028788092366431
AMMECR1	15.224749847072626	0.0016343171061717	0.018788767882464	6.60266716772377	0.0857003212004233	0.4053378411750388	8.935067755074279	0.0301667700240296	0.2027944088467972	10.254161589956892	3	0.0003251200431626	0.0032831293854812
NUP37	6.173001723728477	0.1034900626815634	0.4371201414056522	19.20695669053855	0.0002477392167561	0.0043142441433661	5.308529332863666	0.1505498921218619	0.5666048728036173	10.229495915710231	3	0.0003347414930887	0.0033745252819904
IQSEC1	3.865695913862901	0.2763365146536887	0.7413303028818041	10.54067112876413	0.0144875243829655	0.1226010991987022	16.25762206044005	0.0010040782614308	0.0133402733841553	10.22132970102236	3	0.0003379879617952	0.0034043506373333
CMBL	3.543160711824292	0.3152073138669452	0.7897067481986597	10.462833841705429	0.015015147734525	0.1258868592545384	16.587070429944642	0.0008592753973007	0.0116456547821592	10.197688327824787	3	0.0003475614272088	0.003485932041344
PYCR1	10.234060703459969	0.0166778125091517	0.1229107350789755	8.499342399954045	0.0367440263785839	0.2347914046313229	11.394114736449096	0.0097749263577679	0.0863537124311017	10.042505946621036	3	0.0004173311670596	0.0040953867638837
AMPH							17.683884238755272	0.0005110609130369	0.0074019752268763	17.683884238755272	1	0.0005110609130369	0.0048973219583974
AFG3L2	10.08881188065296	0.01782609332864	0.1294822597234852	6.631969084194626	0.0846007652156557	0.4009244132547829	12.73325833441061	0.0052504383324133	0.0518084187888423	9.818013099752733	3	0.0005430827452675	0.0051789947280558
SH2B1							17.461023948052503	0.0005680441888361	0.0081341999544234	17.461023948052503	1	0.0005680441888361	0.0054039602035299
RIOK2	5.323387868928279	0.1495919666356897	0.54042493447739	7.265064809509835	0.0639123716935716	0.3356792952248853	16.50648892327363	0.0008926518636609	0.0120016035427675	9.698313867237248	3	0.0006245718236084	0.005866212719754
DIMT1	11.236525505079523	0.010513291336292	0.0852804038344909	11.209021094258148	0.0106476825990332	0.0945341549670921	6.578510308270778	0.0866171458088482	0.4109240788044893	9.674685635869483	3	0.0006420141461819	0.006010940046399
PNO1	9.832917623734351	0.0200411179872061	0.1416022396914757	3.049918805751745	0.3839925319102061	0.8578405032813168	15.925004276799632	0.0011748449994788	0.0152293607870984	9.602613568761909	3	0.0006982080885318	0.0064857114272501
TRAP1	5.960806701788467	0.1135327123053613	0.4618377792039899	8.924328484372863	0.0303140841295825	0.2060958476053559	13.778690485673788	0.0032224063596012	0.0347429627099073	9.554608557278373	3	0.000738272343864	0.0068363903415755
ALDH6A1	6.8909378389700064	0.0754564016808396	0.3588670532320886	14.086172347565546	0.0027901732541855	0.0332200693706743	7.640187311325626	0.0540637647643801	0.3080143806835028	9.539099165953726	3	0.0007516894428873	0.0069497479766559
PDZD3							16.706660144580074	0.0008120140659468	0.011064374702081	16.706660144580074	1	0.0008120140659468	0.0074782448051571
PDE4DIP	2.1045548614059366	0.5509918336248105	0.9610532473703264	1.833096872230032	0.6077593059447781	0.9651233803697894	24.27380760432372	2.189860159353084e-05	0.0004515304328572	9.403819779319896	3	0.0008792638392879	0.0080287991502547
TMBIM1	4.240428152443828	0.23664530140148	0.6921766778027426	18.11659170065329	0.0004161543938429	0.0067433807271366	5.6927790605942175	0.127552333144808	0.5163293965445965	9.349932971230446	3	0.0009357612641142	0.0084662409702757
TMEM248				15.921414384760078	0.0011768371668999	0.0162619545032233	6.462195670609892	0.0911653957231195	0.4241537069397345	11.191805027684984	2	0.0010315228589842	0.0092267456940154
PFKFB2	11.020824464039825	0.0116138011223935	0.0921034947572448	3.796292771782965	0.2843176381659453	0.7638526286339357	12.962039023868124	0.0047194215319541	0.0474944568484128	9.259718753230304	3	0.001038361539261	0.0092529202726162
PARVB	14.11550407144143	0.0027520741006573	0.0292213582249199	1.3448268961684149	0.7185169989065623	0.993632290680774	12.09145193283384	0.0070763610549029	0.0665191080035627	9.183927633481227	3	0.0011329611455689	0.0099830592744802
ERI1	9.508984826478972	0.0232359688152341	0.1582290262787392	7.0119237920362085	0.0715186902071548	0.3632224695201038	10.966113458015514	0.0119105312587123	0.100737024614205	9.162340692176898	3	0.0011614069033167	0.0102184796366967
VWA5B1							15.734275644757895	0.0012854671110575	0.0164526789283776	15.734275644757895	1	0.0012854671110575	0.011144170519249
NUDT19	8.345834498569932	0.0393797600859181	0.2326390263116346	13.072619176068493	0.0044821653242845	0.0482032869026856	5.69556159152438	0.1273986621371269	0.5165334623453238	9.038005088720936	3	0.0013392919771904	0.0115095404289802
SH3GLB2	17.34976126095219	0.0005988135105239	0.0079301435620222	3.3623141286007847	0.3390634205223545	0.8231143231827532	6.394978774808387	0.0938975794195299	0.4328866548466854	9.035684721453784	3	0.0013428516029942	0.0115317503307239
HSPA6	15.368370651813624	0.0015274364356373	0.0176234182248986							15.368370651813624	1	0.0015274364356373	0.0129476242662448
SLC39A8	6.105418841681463	0.106592505866465	0.4431955534465164				15.2841144946693	0.0015892674055877	0.0197178225663849	10.69476666817538	2	0.0015611291934203	0.0132048302662344
QIL1	6.634883282649799	0.0844921556762394	0.3841208101582661	11.850178785347095	0.0079144090318148	0.0745729257795646	8.20868450874024	0.0418900758687866	0.2574955240410416	8.897915525579045	3	0.001571521979332	0.0132737481468584
APRT	13.345889464930758	0.0039452902967097	0.039734709416862	6.712422113792622	0.081651201144699	0.3941838548248096	6.548847478926786	0.0877558586422693	0.4136128086100253	8.869053019216722	3	0.0016240133131878	0.0136391743099756
ACY1	8.752165983901419	0.0327740706151507	0.2033901547301395	7.899879476453805	0.0481268540625325	0.2795922623070121	9.82125581646788	0.0201482610447016	0.1496559022865442	8.824433758941035	3	0.0017085286169094	0.0142176994334655
C7orf41	13.224435070949385	0.004175554646099	0.0416166506723471				7.883359440784855	0.0484848364200808	0.2850525458286288	10.55389725586712	2	0.0017545625888874	0.0145393851531843
PPARA	1.989338610709508	0.5746224620971707	0.971689623736803	19.104158875857337	0.0002601702581118	0.0044874712538769				10.546748743283423	2	0.0017649802621382	0.0145950290907589
GNL3	9.299608391141431	0.0255615839911824	0.1689072827756423	8.535638338741844	0.0361464700230017	0.2322049234277635	8.466480726614435	0.0372933585501528	0.2353852630684207	8.767242485499237	3	0.0018231220541239	0.0149193206159277
GDPD1	7.8282975873961105	0.0496968162801957	0.2765485052202651	3.4492726096250097	0.3274011343192913	0.810040396345607	14.795721219199573	0.0019998080759911	0.0237073266526164	8.691097138740231	3	0.0019873290148115	0.016062997676108
RNF123	12.655516849049125	0.0054440093797041	0.0513246430015762	4.027382534128427	0.2585224515478846	0.7303916174106968	9.23932114311693	0.0262725303897992	0.1823050703675992	8.640740175431494	3	0.0021037118912239	0.0168997235826922
NDUFB7	2.8293538788543766	0.4186905143266063	0.8799659472519731	6.012401396433952	0.1110084265804407	0.4727506770164084	16.99402103120254	0.0007087462590383	0.0098698034752472	8.611925435496955	3	0.002173252266316	0.0174346730320133
ECSIT	17.873172767073633	0.0004671505337206	0.006398627596162	1.3411462208768827	0.7193864547182989	0.9929346654410136	6.444233592829865	0.0918879290987007	0.4265352563939688	8.552850860260127	3	0.002322855905452	0.0184471263142851
BYSL	5.059506055759131	0.1674913172206874	0.5774565801912804	11.003943012968008	0.0117045733111915	0.1027812288213624	9.389835665207531	0.0245326701377773	0.1742938613858653	8.48442824464489	3	0.002508619714959	0.0197631100129185
RP9	20.09029826975265	0.0001625830059118	0.0026155131890654	4.625130618268969	0.2013968205846576	0.6454522493859516	0.6366365667624696	0.887996397777917	1.0	8.45068848492803	3	0.0026054396090398	0.0204441429176486
WRN	5.88781903608646	0.1171974729585892	0.4699662780121094	14.725684493341692	0.0020667291036746	0.0260667560772371	4.678314036727176	0.1969259588426033	0.6454122393404067	8.430605855385108	3	0.0026647759288763	0.0208681956019622
DPCD	5.791021528603938	0.1222321513126524	0.4824873885490783				14.162682694857295	0.0026918722850753	0.0301465874049807	9.976852111730617	2	0.0028224307906011	0.0218138850319339
GBAS	17.246066507953405	0.0006289791331993	0.0082611670261848	2.430383451000528	0.4880038142517015	0.9184384285408974	5.455520813136708	0.1413233018267007	0.5498682197131122	8.37732359069688	3	0.0028286115641675	0.0218473754058013
SNAPC3							13.933876057103197	0.0029965544588011	0.0328323780745698	13.933876057103197	1	0.0029965544588011	0.0228608106292407
ATPBD4	16.52594390210414	0.0008844776349577	0.0110854530248041	1.812693153640264	0.6121766664805304	0.966827091052184	6.626213929406481	0.084815649795736	0.4054172042172007	8.321616995050293	3	0.003010308970591	0.0229066303585835
CALCOCO1	11.74977450501935	0.0082913801197525	0.0709168176522638	8.167625503624356	0.0426714911454345	0.2574180855659895	5.024876499187682	0.1699846014513765	0.6059591919344142	8.31409216927713	3	0.0030357015088931	0.0230553438295834
CLCN7	1.2993794516946715	0.7292804368988939	1.0	3.624301494477403	0.3049948510683646	0.7849707224612076	19.91657289795735	0.0001766356258035	0.0029077383343664	8.280084614709809	3	0.0031530656788659	0.0237484086959168
HSD17B10	7.665815863646468	0.0534475614827653	0.2898502372719198	8.436576587188059	0.0378002160894099	0.2379635554687855	8.583306242167398	0.035376096129341	0.2266756944388915	8.228566231000642	3	0.0033392552521109	0.0249915780735519
OTUD7B	3.168771426347688	0.3663287471412577	0.8398756641775177				16.211379474591602	0.0010262552739552	0.0134932576539264	9.690075450469646	2	0.0035675417100645	0.0264656089846384
NFE2L1							13.496239107997829	0.0036775921791551	0.0387429169841488	13.496239107997829	1	0.0036775921791551	0.0271119248868515
LRRC72	11.075736274036792	0.0113233114955616	0.0902476397501622				8.197526189964151	0.0421010439235389	0.2583217992011568	9.636631232000472	2	0.0037261832145096	0.0273677742307932
OSBPL6	11.963127092842075	0.0075105447770064	0.065703561425126	11.967024472483356	0.0074969786034883	0.0713842745288676	0.2843645086318445	0.9629417623075596	1.0	8.071505357985759	3	0.003974743159398	0.0289952732016546
ANAPC7	4.3884751243722855	0.2224563929649272	0.6724186304374913	10.360809220834902	0.0157354548469618	0.1298175024874351	9.428810871966762	0.0241008782934884	0.1725581979089655	8.059365072391316	3	0.0040284506074036	0.029260705425398
FAM71E2	13.255730302922451	0.0041149801374216	0.0410555978747127							13.255730302922451	1	0.0041149801374216	0.0297430563111315
MPDZ	13.078242326933918	0.0044704211033629	0.0436925561050401				5.762200929339174	0.1237705779690986	0.5079259551516637	9.420221628136543	2	0.0044417597742976	0.0317172761661047
PPAN	2.8362221437942656	0.4175717668248994	0.8787704346613555	8.056841530938685	0.0448514539579141	0.2656897194703653	12.922604106907183	0.004807003273359	0.0481842585539477	7.938555927213378	3	0.0046024489845528	0.0327460645260753
JUP	13.0322577957029	0.0045673628723776	0.0442789435999567	4.690059019603551	0.195951144988946	0.6364669325101633	5.989994478668848	0.1120980314576011	0.4821072516893602	7.904103764658434	3	0.0047800781730796	0.033846960716567
GARNL3				12.812293140684918	0.0050606271686353	0.0528513765140568				12.812293140684918	1	0.0050606271686353	0.0356839095224284
NSA2	5.416249425163577	0.1437345292243241	0.5292345108305758	16.139511644418018	0.0010616908696376	0.0148410830074882	1.90682565445898	0.5919687377623735	0.9786236938449168	7.820862241346859	3	0.0052369016192311	0.0367733738998861
GOLIM4	11.789974724789056	0.008138364900782	0.069982639164752	0.4724025730775957	0.9249112403771196	1.0	11.19445661632629	0.0107195317770343	0.0928353633111172	7.8189446380643135	3	0.0052479048125798	0.036806924323106
CEACAM1				14.299327482733808	0.0025247749163755	0.0306150139608159	4.096630625651062	0.2512170454711515	0.7270787216552139	9.197979054192436	2	0.0053152377607029	0.0372350038627439
NDUFC1	2.2000726938097537	0.5319340529387266	0.9515268096224836	10.5652538857758	0.0143247135303446	0.121793770216236	10.405343146217946	0.0154169508563892	0.1222249103133001	7.723556575267833	3	0.0058241848715798	0.0402518913538464
FRRS1	6.712303113148269	0.0816554898485908	0.3778536856507187	6.264883825967464	0.0994106473319021	0.4451305751348553	10.071061224355038	0.0179716473126648	0.137420662683851	7.68274938782359	3	0.0060888634691583	0.0417638112081191
EPPK1	10.815105884047192	0.0127688575030879	0.0995348014143145	4.706398429306507	0.1946024717491133	0.6349399834450755	7.513490709102575	0.0572128292932674	0.3193068818991399	7.678331674152091	3	0.006118200153911	0.0419164060370786
GOT2	7.618316355986225	0.0545950764504805	0.2935824974802061	5.190937996082528	0.1583378805875165	0.5741635037661728	10.130444513544631	0.0174892407487621	0.1343407233235722	7.646566288537794	3	0.0063331746540884	0.0430648592780885
IKBKE	12.306965636156988	0.0064022980368886	0.058240259561374							12.306965636156988	1	0.0064022980368886	0.0433852001640161
CSHL1							12.204924803566518	0.0067131487574084	0.0636962680599837	12.204924803566518	1	0.0067131487574084	0.0452582577288223
GDF15	12.10485753618238	0.0070324599197262	0.0624904779521175	1.435505107094527	0.6972336458984607	0.9897677389330536	9.1407354560625	0.027477086254676	0.1894945648789782	7.560366033113136	3	0.00695366884627	0.0466404617737628
SLC22A31	12.09831621737959	0.007053847935803	0.0625645643001663							12.09831621737959	1	0.007053847935803	0.047285573605936
ATRN	19.95033394774956	0.0001738131677666	0.0027637158417026	1.7678767938537712	0.621950127493041	0.9720660837785916	0.8495015983380654	0.8375938766924975	1.0	7.522570779980465	3	0.0072437358660941	0.0484212417278478
RRP1	6.345329966273341	0.0959660045447416	0.4182372961704469	4.038674226203368	0.2573181811776116	0.7298424236148349	12.13734754888782	0.0069271738315233	0.0652378677863651	7.50711724712151	3	0.0073656447941644	0.0490973786307749
