0.9965188952306627
0.9981906220867308
0.9960160987527609
0.9952301315952723
0.9967721493664728
0.9974937092426004
0.9991685195251576
0.9972339732081774
0.997399490335845
0.9985287201386407
0.9980490892279417
0.9974025244399805
0.9973784707246838
0.9976323895394672
0.9955508819984249
0.9960288395074199
0.9963792797747136
0.9969688518434188
0.9961463230994856
0.9963839278683262
0.9962695158317588
0.9981657527045366
0.9981148644876499
0.9951659061582281
0.9972031371342702
0.9921773778235917
0.9936226131563802
0.9974373921108203
0.9982816891080821
0.9951831775375766
0.9920435400228413
0.9908931904824656
0.9950735036958895
0.9963548237633518
0.9979674642619479
0.9966995966519712
0.9937594968730558
0.995047196937044
0.9945419499075392
0.9919686102114298
0.9926609623002866
0.9951010111261285
0.9967080987899956
0.9977097645089008
0.9976126802387305
0.9976123639496473
0.9978955821370034
0.9961718696869956
0.9971245078789353
0.9973434123072279
0.9977322382522041
0.9981679415027994
0.9985106952155267
0.9935736704827309
0.9979264836775638
0.9976426176132707
0.9960619569608848
0.9971313738722437
0.9905860036648861
0.9895545855832149
0.9897030046537747
0.9945040674686696
0.9975344324259371
0.9960940126540869
0.9945152317260378
0.995319275162644
0.9957621821986784
0.9987824623693993
0.9984673276869136
0.9955476295025655
0.9950742697961144
0.9960734929618765
0.9929330986845459
0.9929103978072257
0.9897115133616284
0.9924258290241881
0.9941977039256836
0.9962369131742289
0.997884470625404
0.9979292941886438
0.9981110365591829
0.9895427533665677
0.986030557854026
0.9764985712859807
0.9666913983290613
