0.9974646238771842
0.9977046696491597
0.9969586340938116
0.9969632771144746
0.998707496746588
0.996070605001917
0.9937078417876077
0.9973056272145768
0.9952555617892395
0.9977209771183158
0.9936106319392493
0.9928574674764791
0.9903049334523931
0.9697850081847292
0.9824885014514116
0.9916700945459875
0.9982571372936712
0.9969940905064063
0.9924498336018965
0.9938115901891259
0.9960343442919444
0.9970219751618803
0.9983330619379349
0.997889448248924
0.9966648494554259
0.9926075584487934
0.9918097119411813
0.991904797777762
0.9930595932346061
0.9953915729460744
0.9866780075890275
0.9853364384723289
0.9807839074828727
0.9834248858548414
0.9889075841327373
0.9894808915450405
0.992249134167069
0.9863404885631922
0.9919268563959023
0.9891485646132933
0.9860854343534157
0.9902156253229819
0.9875483095892317
0.9828175494834679
0.9815950385631673
0.9885669990542154
0.9951821419116671
0.9981430667427414
0.9988824657139648
0.9959480745823425
0.9945335487945517
0.9959000991789263
0.9927427074557157
0.9982252811164338
0.9966017708134876
0.9959227477865243
0.9982064918943497
0.9973127080494644
0.996682598234701
0.9917778122997514
0.9913353175573405
0.9824039437142119
0.9942451782370653
0.9936360963823166
0.9927317996780826
0.994011560917498
0.9812536227005049
0.9861189325718276
0.9859635908032531
0.9797777670362046
0.9898283225093134
0.9906711341078615
0.9947258807345712
0.9943909983814857
0.9897824622530738
0.9914357771356027
0.9955150212708824
0.9979547741095216
0.9971186474944042
0.9959420016081962
0.9897842074166893
0.9906019797845838
0.9973149228345312
0.997983494111395
0.9943795302129738
