Gene	ConditionA_rep1	ConditionA_rep2	ConditionA_rep3	ConditionB_rep1	ConditionB_rep2	ConditionB_rep3	ConditionC_rep1	ConditionC_rep2	ConditionC_rep3	ConditionD_rep1	ConditionD_rep2	ConditionD_rep3
HBZ	-5.110214943570837	-4.285816039312869	-5.245473029184631	-5.230471040848028	-2.163254438236041	-3.7937340443511256	-4.704790736594456	-4.23100484750759	-4.858613260535779	15.04547672101333	10.680075325056515	13.897820334071548
AHSP	-8.57007138589323	-5.300846406644703	-8.198021327259921	6.316179920952692	4.244207575466387	6.0157586455831975	-7.673888739807262	-6.976531650270723	-7.318797633020602	9.927780204747783	8.033170481449059	9.501060314697293
PRDX2	-3.7138581562966113	-4.012546525491151	-3.5868905573315515	2.216538793655087	2.4756156844258776	2.0294883738513687	-6.524310428292982	-7.1197401976407555	-6.193467085173974	8.021629790934488	8.65667103870598	7.750869268654134
PNMT	-3.411382571411817	-4.913378971972918	-5.129350454517527	0.9156389126596179	0.3782282598800379	-0.4459172127628362	-4.782659052574101	-4.625863562370432	-4.086250718874156	7.278402711326327	9.161014274463303	9.661518386154519
HBE1	-2.921303669980799	-3.0073009301351004	-6.130776167702818	-3.0432738417316414	-1.2437111722187617	-0.97505341715626	-1.428336471966962	-2.927315391790068	-4.296518148057242	7.39291398367941	7.178327494143912	11.402347732916304
OAT	-3.476237996603098	-4.448237602892536	-3.610059857295941	2.8536780419381005	3.5526534981194215	2.9777677789253705	-5.237764298434769	-5.509582063629184	-5.418377964129698	5.860324253099788	6.405166168402274	6.050670042500245
CA2	-5.225572910863897	-4.609676626484432	-3.909294493730573	3.2272159100231983	2.8950947862429293	2.9804176954938675	-4.528818274547696	-4.657164940531902	-4.371572557062433	6.527175275388425	6.371746780773402	5.300449355299138
GSTM2	-4.686839819294668	-5.079352144463127	-5.42572014951159	2.1129642820821344	1.702869918683863	2.0194710349514704	-2.9149244955487044	-2.27332221833713	-2.7749598878124653	5.488800032761197	5.649804444116433	6.181209002372607
HEMGN	-1.4447340125811037	-1.6339601211110557	-1.6028842943850012	1.0594612604125044	1.0125805257395664	1.6325269807412504	-5.282999240629431	-4.84172400075926	-6.1222276161258735	5.668271992798022	5.4631035961307255	6.092584929769624
CHI3L1	-6.219043796114977	-4.800375030777213	-4.555602653770708	-4.52550543965139	-3.341382551560636	-5.120474001635535	0.2481787308841308	-0.7570295377609333	-0.7263480851340265	10.496370504882226	8.898787120098762	10.40242474054028
TNF		4.489684627284662	4.597042009732767		-11.68313137551768	-10.205374709096988		9.701523459909334	7.3961440760182		-2.5080767116763045	-1.7878113766539967
LGALS1	3.45686126628021	3.130965430309168	3.325617415138877	-7.492530611182348	-7.318206274131494	-8.042317661944313	7.539690055781299	7.8343915876699235	8.449443754224731	-3.504020710879129	-3.6471507438475466	-3.732743507419314
VIM	1.0736980466686958	1.5071440132068787	1.0883703936412483	-6.9880535382138085	-7.38807719698143	-7.2424540745444075	7.84272947080593	7.865828364885927	7.901362738370213	-1.9283739792608168	-1.9848951811113296	-1.7472790574670332
ANXA1	1.9363052982571547	2.072807708102509	1.8915641856246102	-7.419782329937585	-7.08768207613062	-7.222743693845365	7.371666701220108	7.4399240807362546	7.304625157679171	-1.8881896695396776	-2.4250497127081565	-1.9734456494584824
COL6A1	3.242660831021072	-0.5620510014631765	1.9838796085088999	-7.122908433620847	-2.5165516715701677	-7.884144176217332	7.1410092670640335	5.363626987360574	7.156714541170246	-3.2607616644642787	-2.2850243143272206	-1.2564499734618244
CORO1A	1.7659998869861142	2.187812275602027	1.8719772730559887	-7.429722193174863	-7.053052591953398	-6.995366444022437	5.751607445499143	4.8295311658537665	5.268128081829718	-0.0878851393103954	0.0357091504976183	-0.1447389108632694
COTL1	3.1072923699009256	3.0317301469264613	3.4016914001503182	-6.999370316014774	-6.296767170620048	-7.6431943287587325	4.265493148395946	4.182038873579508	4.985140175627677	-0.37341520228211894	-0.917001849885932	-0.74363724701923
HLA-DRA	1.4073387675394515	1.794159791410988	-0.1176098933894355	-3.6827979591746836	-4.556197425521646	-3.4753182698028278	6.512364166980539	7.795891220943536	4.737935353196733	-4.236904975345328	-5.033853586832901	-1.145007190004449
ARHGDIB	1.1981204210713383	1.5138640674190524	1.0990880976811852	-6.904073096894096	-7.024784259314746	-6.046038746696444	5.4018552892669485	5.408085635119679	4.908829162778642	0.304097386555789	0.1028345567759774	0.0381214862365956
LCP1	1.4720115184132745	2.092455697792188	1.7888981808856486	-5.520737881727509	-6.674768281814157	-6.4930148106407675	4.670583352676381	5.675748557361883	5.2812860784786535	-0.6218569893621458	-1.0934359733399617	-0.5771694487235111
HLA-DRB1	-1.5360110327329033	0.0855492887590897	-0.9554072282632936	-4.096057057363992	-1.9230371131206003	-3.3425027340677342	8.174095154639224	4.343284971916043	7.848958890067457	-2.5420270645422987	-2.5057971475545235	-3.5510489277364403
HLA-DPA1	2.3316282941752613	3.0106139543961983	1.5259815759928916	-3.7689968432967462	-3.341821990508337	-4.2609340862595735	6.234053380207151	4.161757024948858	6.304485212414763	-4.796684831085676	-3.8305489888367092	-3.56953270214809
C4orf48	2.5711230852291296	3.728271114568976	2.9320872978238044	-5.107232087456092	-5.684169861336563	-5.3407979989676395	4.500797540329941	3.681719996763649	5.84291681427337	-1.9646885381030093	-1.7258212499960943	-3.434206113129556
HPGD	-2.6217770546719668	-2.4677790408935047	-2.681411844959442	-6.287053254180473	-8.715958603711622	-7.009706219110156	7.4545469682619325	9.637206830149262	8.098689231712566	1.4542833405904945	1.5465308144558547	1.5924288323570106
S100A11	-0.8117802946889668	-0.6985063241901976	-0.4270769724231288	-7.217550463682923	-6.02522617473046	-6.3867077030181685	7.83560206732195	6.501256107823791	7.144525182495069	0.19372869104991897	0.2224763910968681	-0.3307405070537937
MPO	-1.0824551728171146	-1.0327387918994857	-1.203420412973152	-6.707679595338438	-7.583830098746617	-6.4343542879274835	6.203561739142997	7.158494001011347	6.172210800878401	1.586573029012511	1.4580748896347566	1.4655639000222351
ANXA6	-0.6431574089408949	-0.0992914400813364	-0.2692143526651364	-6.232723557154224	-6.021248349379502	-6.288346886222098	6.184455566238687	5.976476543242178	6.09425972663435	0.6914253998564325	0.1440632462186615	0.4633015122528833
SAMHD1	-3.355899175363855	-2.5442947528620716	-3.0431414087505546	-3.0623644258009834	-2.492934715116159	-3.7815933225596736	7.621110808325588	6.26978864538213	8.072244944265911	-1.2028472071607503	-1.2325591774038882	-1.247510212955717
S100B	-3.1793901164842033	-2.562676214870935	-3.3457436249655537	-3.087808743190996	-1.7515039470020801	-3.5916899573821013	7.648606465666598	5.288255284560132	8.18282131909724	-1.3814076059913996	-0.9740751226871104	-1.2453877367495958
ACSM1	4.124727029756657	2.4994907441964083	5.020960664882303	-8.37637581404634	-4.340955742615162	-8.729504283404184	3.1955686620393973	1.9339847115384081	4.001873441205982	1.0560801222502954	-0.0925197131196501	-0.2933298226840778
CLC	15.575872773297426	15.549897636335436	15.287544314283245	-5.1887833338404885	-5.280437312091079	-5.697562067520517	1.0878443030593523	0.0954648457171448	1.1239058399112003	-11.474933742516313	-10.364925169961454	-10.713888086673972
PRRC2B	10.10696324046792	13.361357596235926	15.678514581015193	-3.255494041259645	-5.914221229503885	-4.131473314573082	0.5672494062715422	1.281957487308998	0.4472450418666441	-7.418718605479827	-8.729093854041057	-11.994286308308775
PRG2	6.64586164872974	7.451962173738506	6.400122571505379	-5.1065476187641865	-5.926736437608226	-5.184850454663978	2.329210609594957	2.8355287659647463	2.6015063121942514	-3.868524639560489	-4.360754502095027	-3.8167784290355855
SRGN	8.098342933233349	6.775025847273978	7.622327465477984	-4.006628231206653	-3.951536188844257	-3.077490075912348	0.3808811257671121	0.4996056576848655	0.6622752004585045	-4.4725958277937945	-3.3230953161145766	-5.2071125900240975
EPX	5.9294075269941535	6.204528051403793	5.4794515678170885	-4.249435516577361	-5.081344282591443	-4.367052447900203	2.6643906893109532	2.6977929148330135	2.5757531412456736	-4.344362699727721	-3.8209766836453496	-3.6881522611625153
PHGDH	4.476834185859203	5.218920363933044	3.889828659200115	-4.372765320456962	-5.511210352928873	-4.159419787040262	3.982698964766605	4.341755995403369	3.2828534844876764	-4.0867678301688795	-4.049466006407538	-3.013262356647496
HLA-DRB3	9.129018620824993		9.377476370189568	0.3072679572729893		-1.135904092249791	-2.3255993440999583		-2.442146793549112	-7.110687233998005		-5.7994254843906345
SGSM1	6.295547480586502	6.455926032105129	7.102489809198228	0.1469698164989606	-0.1869891835572898	0.1349799056415984	-0.7163800262367899	-0.2747787898688608	-1.4110165253548297	-5.7261372708486835	-5.994158058678978	-5.826453189484965
HLA-A	6.102410302639012	6.983755878221578	6.679046092270003	-0.7559573728839455	-0.8818863446490379	-0.3651503293161562	-0.9228694242549464	-0.9989195533734304	-1.2058630593949364	-4.423583505500132	-5.10294998019912	-5.1080327035589095
CD74	3.8524058474070735	4.389200406416352	4.638507474356177	-3.1414796256955126	-3.6467005815208196	-4.317270909610777	3.833700556883913	4.489872431822803	5.207584820041661	-4.5446267785954735	-5.232372256718334	-5.528821384787072
HBB	-4.709763614317593	-5.7430748648809375	-5.1365697264838275	18.357377034256466	19.14930597289828	19.167063186500474	-8.410084804343699	-9.482443069947172	-8.016838361022906	-5.237528615595154	-3.9237880380701666	-6.013655098993786
INS	-8.651880390924957	-5.628815955282768	-9.770639439908145	15.339679392128627	12.207224880793536	16.15470268064277	-3.498967688068072	-3.4602852129114825	-3.250925357807148	-3.1888313131355965	-3.118123712599305	-3.1331378829274983
HBD	-3.1017165030045715	-2.2591518772606225	-2.8167146783137245	11.276964147738314	8.617873281048576	10.822545935185358	-6.979660301233183	-5.510820610369799	-7.1940857403244864	-1.19558734350052	-0.8479007934181642	-0.8117455165471266
CA1	-3.402367557927591	-1.691636861223606	-2.7555900246628435	9.644162162304694	7.705367227828237	9.775801248320484	-3.7271722632007878	-4.0637230054071125	-4.873800435662384	-2.514622341176314	-1.9500073611975064	-2.146410787995257
SEC14L2	-3.6119150338589434	-3.0168731329421448	-4.142017222322344	6.9410262193746695	7.0977304377551445	8.500834201543544	-3.7736713604030494	-3.4963703965432833	-5.1314472713069526	0.4445601748873525	-0.5844869082697168	0.7726302920857326
CD36	-2.3148891696329628	-1.4350942046299182	-2.677943159240415	8.77198235539638	6.49777421710622	10.02690757327828	-3.0866087646045046	-3.0105447396843257	-3.5516680382315804	-3.370484421158912	-2.0521352727919866	-3.797296375806283
AKR1C2	-2.6946509327177752		0.40599776770203705	2.721238587417388		10.595346854058317	-0.1196164113742498		-7.960254069469562	0.0930287566746342		-3.041090552290792
S100A9	-12.198107191394493	-10.106280268614098	-10.237242439769425	-9.370792912192034	-8.766082269844897	-8.561759629396349	8.411880396459077	6.8915040070105205	7.082717188331808	13.157019707127454	11.9808585314485	11.716284880833964
S100A8	-11.519530003230262	-11.267411727085301	-10.42275547840694	-7.988789147994928	-7.897610012205559	-7.907282307083901	7.50347117922797	7.176147868025862	6.763341885701213	12.004847971997187	11.988873871264962	11.566695899789671
AZU1	-6.4043336969222375	-6.562087870203249	-5.407953733577771	-6.256250433439412	-5.450916292038417	-5.181652013756798	3.6210216830533706	3.2343869800394263	2.7462654283319035	9.0395624473083	8.778617182202218	7.843340319002643
FARP1	0.1051990883571487	-7.772201444961803	-8.138836194078577	-0.52353571048058	-6.212718906694138	-7.017765660088693	1.5186121959998808	5.455233430886681	6.589862005187758	-1.1002755738764474	8.52968692076926	8.56673984897952
GPR110	-5.522014674850321	-8.071406259474053	-3.917361754272601	-5.754846525707502	-5.255644172182848	-5.90958553672413	4.722226916682311	4.795026365638519	3.3111869736206145	6.554634283875519	8.532024066018389	6.515760317376117
S100P	-6.392963930982806		-6.962950090401088	-7.2202250011783615		-7.277020576123054	6.056395214124051		6.5387167092691385	7.556793718037099		7.701253957255044
NANP	-6.791739014660492		-8.01185455534992	-6.111251181134343		-5.332449251816686	4.12676940243051		4.688716348939353	8.776220793364308		8.655587458227274
BPI	-6.473595954614263	-3.9358202186919855	-6.222446267223214	-5.104635957316414	-4.396335292367487	-5.253387219513922	5.432225865396822	4.36579880259831	5.726794608170112	6.1460060465338335	3.9663567084611517	5.749038878567013
S100A12	-7.503629098460097	-1.1549636181890564	-3.9306775147183366	-7.211989592509062	-0.7177132105392632	-3.7225220846907163	3.9884236173278182	0.4589732994939859	2.3088626338889693	10.727195073641342	1.4137035292343398	5.344336965520072
CNRIP1	-7.035583674701568	-3.769507050395044	-5.039242855100708	-2.3735157640818207	-2.759770948246778	-2.708046804254359	1.2628316154360404	0.8454034052818621	0.9555257353277004	8.146267823347358	5.683874593359951	6.791763924027357
MLYCD	-8.116480102801669	-0.069055325030515	-1.5784022282468282	-5.15785988338463	-0.9234101240767798	-0.6744699364995279	4.329665917591367	0.14883775867687196	0.3487657982910576	8.94467406859497	0.8436276904304206	1.904106366455289
LYZ	-5.676989331118787	-5.86184459433392	-5.661261906914136	-6.60272508687761	-6.812654072939037	-6.726427052646383	8.213181873514934	8.362900442152338	8.011157923261086	4.0665325444814835	4.311598225120596	4.376531036299431
IGF2BP1	-6.945264629623777	-6.350515293422992	-7.4640293084875475	-5.62181679451359	-5.527686268530194	-5.639974023294702	7.009893446179441	7.0119961469780145	7.013851467182351	5.5571879779579465	4.8662054149751715	6.090151864599866
PRTN3	-3.5792290524234516	-3.791458043014018	-3.5652808489932823	-6.7099286051236025	-7.860356979848776	-6.811383244852335	7.955644510689101	9.226494237242928	8.16504182144607	2.3335131468579515	2.425320785619854	2.2116222723995245
C12orf56	-5.890005504613295		-4.063984609732657	-9.743294318402317		-7.226529349103937	7.047498920736346		6.747478362348715	8.585800902279255		4.543035596487898
HPGDS	-4.375769146500255	-4.4731434737064095	-4.543620603597246	-4.445035328299485	-6.978021953626821	-6.384847722350376	6.911670422527047	8.540850673173674	8.238599600206241	1.9091340522727025	2.9103147541595904	2.6898687257413787
TPSB2	-7.083105697839978	-6.249680208660295	-6.2858946447649275	-3.328110333564083	-3.3253201942064665	-3.719413366484296	5.283140736175233	4.722881275912879	5.114660611365869	5.128075295228827	4.8521191269538715	4.890647399883355
CSTA	-4.2252620908700065	-3.4453777294038983	-3.4734753384846786	-6.217116438068647	-4.977872634752879	-5.5001595164511246	6.796617253699582	5.613616821892161	5.868703961198162	3.645761275239063	2.8096335422646157	3.104930893737641
MNDA	-4.125787662787882	-3.2807276037539608	-4.190428891684043	-6.491349494045367	-4.834317471932581	-5.4474604542418765	5.7302933551664434	4.663841083363593	5.236404678839696	4.886843801666838	3.451203992322938	4.4014846670862235
PLG		-8.808051322438574			-5.498934647209471			7.748067324315508			6.558918645332495	
IGF2BP3	-4.8552481866252	-4.450437653995981	-5.152740838375311	-4.357693706609696	-4.657476676640644	-2.547119786123872	5.114245433122493	4.996246947707014	4.056591360711371	4.098696460112413	4.11166738292963	3.6432692637877815
HMGA2	-6.131757528470888		-5.5195045878923725	-5.086763044295361		-3.4790558261301867	7.271769898862183		6.000680317257626	3.9467506739040648		2.9978800967649533
HBG2	-12.482453465602267	-13.38756850621984	-11.768051416857073	-0.9517091408122084	-1.0115132099681359	-1.6357927140282267	-7.3526232614092955	-8.146393584492785	-7.422454483138017	20.786785867823802	22.5454753006808	20.826298614023358
HBG1	-8.9473506399071	-11.983893839775364	-9.977777510616269	-0.0848545104443133	1.3446715703396117	0.1987714881226057	-6.841359749372899	-8.801274351558266	-8.336029036464273	15.87356489972426	19.44049662099402	18.115035058957936
HBA1	-11.577958070284526	-12.436376784918751	-11.446603742026856	7.613934044507741	7.77789109206862	7.230249671055257	-10.439451259369378	-11.04647955126085	-10.141644135803142	14.403475285146186	15.704965244110985	14.357998206774766
GSTM1	6.796082715981048	2.18822000968316	4.108887818255831	12.45629222777027	5.817996711674134	11.482929265508645	-10.174764877526725	-4.2724251228166015	-7.725275440704047	-9.077610066224604	-3.7337915985406918	-7.866541643060438
THBS1	5.794287859577628	5.789155136481486	5.572634130328456	6.693604125524892	6.470740693057455	6.227807497688601	-5.495484659911512	-5.4957944270814005	-5.211009318738539	-6.992407325190988	-6.764101402457587	-6.589432309278541
PPBP	2.1570188607323293	1.6720019586331245	2.4384536427569516	8.313551336561906	7.0360241947199285	9.41524767371564	-4.638889681869169	-3.8680638282130198	-5.8028283528220825	-5.831680515425094	-4.839962325140034	-6.050872963650532
DUSP27		7.859996876790662			8.894386051136536			-7.3031974909588095			-9.451185436968386	
CD9	4.576867891982509		4.8023399861624565	7.451890108072081		6.1994166994443045	-3.330684281336922		-3.3242387958222737	-8.698073718717684		-7.677517889784478
ITGB3	3.7750975346969335	2.4996713620300115	3.506253671904477	7.853842237709339	4.467484364114631	5.9427341486835195	-4.190608449115614	-2.8871594709067767	-3.6941924985170425	-7.4383313232906785	-4.079996255237857	-5.754795322070964
ITGA2B	3.88382611080394	3.1109388214699107	3.5234632756932367	6.081213027633396	5.08673041358412	5.34144087011234	-4.57552758490416	-3.9039366880074873	-3.8194394085433165	-5.389511553533167	-4.293732547046588	-5.0454647372622246
SIRT1	2.9631556668013066	0.4919919436123636	4.5310264832759035	5.233779326296896	-1.7135354646081218	7.459956261154171	-3.7804298096273588	-0.1861730527805347	-5.94658627981498	-4.4165051834708535	1.4077165737763	-6.044396464615126
AKR1C3	0.7617364127073678	0.4900604319432879	1.1810062229399136	6.693982257387173	5.825405801185651	6.921735488854633	-3.6688081153788654	-3.4987883081348823	-5.128058111468596	-3.7869105547156585	-2.8166779249940554	-2.9746836003259616
CLIC2	0.5148841275884056	0.4223510169715973	0.1134931408662398	7.022605119634224	5.109720889649374	7.1089848931845365	-4.873041471664074	-3.3536543673562003	-4.320101539952171	-2.664447775558584	-2.178417539264771	-2.9023764940986347
TNFRSF18	5.787949814772763	0.9507174518998528	6.661079903639282	2.031948336972663	-1.7754612717636504	6.394466690854312	-3.6667849318525487	0.7006349756157577	-5.385097562252125	-4.153113219892877	0.1241088442480652	-7.6704490322414625
NCR1	3.7929149924327814	3.8424375849318446	7.1305374985038785	2.378564619153582	3.961339913292912	4.34663279462876	-3.636689012097935	-3.2783406960669064	-6.123753720052549	-2.5347905994884283	-4.525436802157853	-5.3534165730800805
GAL3ST4	0.8591769882825511	6.106476971185862	-0.1960206244931679	-2.1111699894287317	8.265843526218298	-1.2912256806935054	2.1272407205254926	-6.534895581212009	0.4545081654153705	-0.8752477193793243	-7.837424916192142	1.0327381397712954
GSTM3	-8.874777351309264	-11.225495840919287	-9.531277107213867	8.70229253667962	9.566433939753002	8.44843375627846	-7.543521328376144	-7.430829923799419	-6.267929878797167	7.7160061430057585	9.089891824965694	7.350773229732566
TFRC	-3.5122770939801224	-3.6666173579024814	-3.3287600014396013	7.048018125490698	7.921241621012413	7.5337404288332905	-7.022742554911155	-8.456035535943089	-7.67059098106017	3.487001523400622	4.201411272833131	3.4656105536664805
BLVRB	-4.714893613558477	-4.761708395699603	-5.288108413734877	5.6105426684553406	5.892137136412939	5.905865904908572	-5.419797082634324	-5.68521477227807	-5.0598793740931365	4.524148027737478	4.554786031564722	4.442121882919486
ALB	-7.551396806788663	-7.811655143170648	-6.48958782322095	6.4461835541222	6.9544473603591275	5.988117168388501	-1.444443299927979	-1.9949478590506216	-1.5653598111699516	2.5496565525944836	2.852155641862201	2.0668304660023558
LXN	-5.107403887500941	-3.66268022490024	-6.258709800224673	7.626048190111951	5.085205429376884	8.491253890263831	-4.858205310701806	-2.636807582145869	-5.031761263302023	2.3395610080907763	1.2142823776692344	2.799217173262857
TF	-3.254544690875393	-3.1406303351841904	-3.33028224407643	6.785673140445047	6.7908284559744825	6.705262550654344	-6.152583723996657	-5.9032078381567095	-5.7844609779847564	2.621455274427026	2.253009717366418	2.409480671406912
MUC16	-8.990914826896697	-4.004277267798788	-1.6143063271419256	7.535527600105603	5.0833124668034175	1.4006806170500603	-4.158176590125482	-3.756536868550589	-0.994927137915407	5.613563816916576	2.6775016695459755	1.2085528480072445
CDH1	-4.4065479684030295	-3.4372918548959244	-2.3167150908427487	8.652177456784015	7.342629285435238	4.636103433523832	-5.7030751397826585	-4.578779992814905	-2.2391323829391947	1.4574456514016931	0.6734425622755991	-0.0802559597419089
ACCSL	-6.155912469637131	-5.78005058172178		4.386738448251071	5.758670861523933		-2.1965871222482294	-5.982065256252228		3.9657611436342686	6.003444976450075	
C2orf65	-6.997594983829358		-7.3187458190396395	6.508672400074638		6.938886103125888	-1.8535671423931799		-1.9524476222677063	2.342489726147899		2.3323073381814905
FKBP5	-4.443492122559244	-4.226328355353594	-4.6783249539818925	4.455590521941419	4.286729651108572	4.637316754091177	-5.088310050220222	-5.213220675517973	-4.844808884586402	5.076211650838087	5.152819379762984	4.885817084477073
SPTB	-3.6614524726896036	-3.394100698800704	-4.2314830579680605	3.598840068611824	3.2827868612110294	3.7914852641912793	-4.833645335851508	-4.8820702508252545	-5.102872850339212	4.896257739929278	4.993384088414876	5.542870644115993
SPTA1	-2.5633829505641423	-2.134473480156313	-2.4202383613148606	3.5922221745516394	3.944208747477132	3.4262537822573615	-5.841169412662222	-6.590068981586237	-5.487408162299265	4.812330188674723	4.78033371426542	4.4813927413567765
FECH	-4.5349083626821045	-3.928279438154568	-4.1554270338948545	4.1479853047293105	3.8281008937323207	3.6729331551816027	-4.557991164984012	-4.693618943266106	-3.8507717315022068	4.944914222936795	4.793797487688363	4.333265610215438
PKLR	-4.637805536890466	-3.3708757879770057	-4.154535868394961	4.28895860232535	3.0787357782976	3.807333573878112	-4.516602204352162	-3.664578738154427	-4.130110851721007	4.865449138917299	3.9567187478338335	4.477313146237833
