0.9984485016134123
0.996392867867266
0.9939116598338393
0.9947963559305714
0.9965372893263019
0.997255821240484
0.9983533705691686
0.997794050058445
0.9967920210342482
0.992952763581838
0.9938910776875741
0.9934600785818082
0.996832944286022
0.9959805377939319
0.9942654264301402
0.992954876613998
0.9958467257322107
0.9969563617283471
0.9955566152387353
0.9953808173230484
0.9984099048638423
0.9984720595651233
0.995939149295442
0.9949150616054387
0.997482188306748
0.993454355048681
0.9941739491183968
0.9948854597036846
0.990884976377184
0.9977277134782376
0.9970585799208465
0.9952851254701752
0.9945419449949461
0.995105721685223
0.9965230900663904
0.9983918631355636
0.9947576596750528
0.9957236656893148
0.9930542008471981
0.9949619433823176
0.996099891153784
0.9956385981192267
0.9957757603649657
0.9976938684132597
0.9978753900467818
0.9967472800330724
0.9949345362648403
0.997618556533633
0.9963595312956754
0.99577406043507
0.9982605597040087
0.9969991510826111
0.9981423506499449
0.9959681905236614
0.9950505052323433
0.9945787190710748
0.9979403717437225
0.9970475401055912
0.9977675677530576
0.9993566237228703
0.997171398910223
0.9967382388559605
0.996582469060524
0.9973177239676608
0.9959184525819613
0.9976330954407596
0.997945819086801
0.9983279201488222
0.9977344451948805
0.9967909044909727
0.9969361648498746
0.9974323632985859
0.9903511790601811
0.987484268906929
0.9765826104348634
0.9747589416105911
0.9835014627031606
0.990520848995152
0.9973856109309424
0.998100789689741
0.9974874622719839
0.9965096840247312
0.995376755650139
0.99326887216588
0.9808057335725235
