0.9984876710516665
0.9959334164952498
0.9953587468719014
0.9955934283929565
0.9942843338170065
0.9975465685361814
0.9949475460950356
0.9980296804171098
0.9973631581877316
0.9949830386421815
0.9871167356215863
0.9863304123967658
0.9907186593207068
0.9961587906500968
0.9953481563547456
0.9984189615165681
0.9984710770843636
0.9987161773225416
0.9983284125054824
0.9966540100069354
0.9956455171237054
0.993677894728705
0.9913956531590863
0.9930924004495012
0.9957353587137133
0.9969603528175863
0.9965575011805612
0.9966767161870865
0.9984324121090918
0.9951053353390947
0.995237445934227
0.9957271690053305
0.9974133391378823
0.9969900464954509
0.9964639433006528
0.9986131170391878
0.9987525990611679
0.9987518899273402
0.9930483181257774
0.9904669970833139
0.9918275862725944
0.9918700653394595
0.9969051178576863
0.9940507304622288
0.9910091917982128
0.9904261437100967
0.9939291782131147
0.9939027949666811
0.9929104920853696
0.9946955259174226
0.994886915499722
0.9941107264420493
0.9923952257796893
0.9825775233612225
0.975955817403998
0.9675926244775719
0.9803614963906986
0.9877385030388147
0.9947650279743403
0.9940216471444736
0.9940322745028433
0.9925612925274268
0.9945875797160152
0.9960473322898715
0.9959165126579361
0.9950438936579824
0.9958229381474498
0.9970699823474801
0.9891255818280417
0.9925581061679958
0.9929436794120816
0.9882623830441605
0.9882704620187771
0.9916647825988485
0.9933724081547778
0.9958183324097256
0.9939383123711749
0.9904793525225891
0.9831032734322596
0.9830709005491746
0.9847907961066075
0.9920209577053677
0.9919337599155713
0.9883738635922316
0.9796816870774139
