Gene	ConditionA_rep1	ConditionA_rep2	ConditionA_rep3	ConditionB_rep1	ConditionB_rep2	ConditionB_rep3	ConditionC_rep1	ConditionC_rep2	ConditionC_rep3	ConditionD_rep1	ConditionD_rep2	ConditionD_rep3
S100A9	-12.198107191394495	-10.106280268614098	-10.237242439769425	-9.370792912192034	-8.766082269844897	-8.561759629396347	8.411880396459077	6.8915040070105205	7.082717188331808	13.157019707127455	11.9808585314485	11.716284880833964
S100A8	-11.519530003230262	-11.2674117270853	-10.42275547840694	-7.988789147994929	-7.897610012205559	-7.907282307083901	7.50347117922797	7.176147868025862	6.763341885701212	12.004847971997188	11.988873871264962	11.566695899789671
CLC	15.575872773297426	15.549897636335436	15.287544314283243	-5.188783333840489	-5.280437312091079	-5.697562067520517	1.0878443030593523	0.0954648457171448	1.1239058399112003	-11.474933742516312	-10.364925169961454	-10.713888086673972
PRRC2B	10.10696324046792	13.361357596235925	15.678514581015191	-3.255494041259645	-5.914221229503885	-4.131473314573082	0.5672494062715422	1.281957487308998	0.4472450418666441	-7.418718605479828	-8.729093854041057	-11.994286308308777
PRG2	6.64586164872974	7.451962173738506	6.400122571505379	-5.106547618764187	-5.926736437608226	-5.184850454663978	2.329210609594957	2.8355287659647463	2.6015063121942514	-3.868524639560489	-4.360754502095027	-3.8167784290355855
SRGN	8.098342933233347	6.775025847273979	7.622327465477984	-4.006628231206653	-3.951536188844257	-3.077490075912348	0.3808811257671121	0.4996056576848655	0.6622752004585045	-4.472595827793795	-3.323095316114577	-5.2071125900240975
EPX	5.9294075269941535	6.204528051403792	5.479451567817089	-4.249435516577362	-5.081344282591444	-4.367052447900203	2.664390689310953	2.697792914833013	2.5757531412456736	-4.344362699727722	-3.8209766836453496	-3.688152261162515
PHGDH	4.476834185859203	5.218920363933044	3.889828659200115	-4.372765320456961	-5.511210352928873	-4.159419787040262	3.982698964766605	4.341755995403369	3.2828534844876764	-4.086767830168879	-4.049466006407539	-3.013262356647496
HLA-DRB3	9.129018620824992		9.377476370189568	0.3072679572729893		-1.135904092249791	-2.3255993440999583		-2.442146793549112	-7.110687233998006		-5.799425484390635
SGSM1	6.295547480586502	6.455926032105129	7.102489809198227	0.1469698164989606	-0.1869891835572898	0.1349799056415984	-0.7163800262367899	-0.2747787898688608	-1.4110165253548297	-5.726137270848683	-5.994158058678978	-5.826453189484966
HLA-A	6.102410302639013	6.983755878221578	6.679046092270003	-0.7559573728839455	-0.8818863446490379	-0.3651503293161562	-0.9228694242549464	-0.9989195533734304	-1.2058630593949364	-4.423583505500132	-5.10294998019912	-5.1080327035589095
CD74	3.8524058474070735	4.389200406416352	4.638507474356177	-3.1414796256955126	-3.64670058152082	-4.317270909610777	3.833700556883913	4.489872431822803	5.207584820041661	-4.544626778595474	-5.232372256718334	-5.528821384787072
GSTM3	-8.874777351309264	-11.225495840919288	-9.531277107213867	8.70229253667962	9.566433939753002	8.44843375627846	-7.543521328376145	-7.430829923799419	-6.267929878797168	7.716006143005759	9.089891824965692	7.350773229732566
BLVRB	-4.714893613558476	-4.761708395699604	-5.288108413734877	5.610542668455341	5.892137136412939	5.905865904908572	-5.419797082634323	-5.68521477227807	-5.059879374093137	4.524148027737478	4.554786031564723	4.442121882919486
MUC16	-8.990914826896697	-4.004277267798788	-1.6143063271419256	7.535527600105603	5.083312466803418	1.4006806170500603	-4.158176590125481	-3.756536868550589	-0.994927137915407	5.613563816916576	2.6775016695459755	1.2085528480072445
ACCSL	-6.155912469637131	-5.78005058172178		4.386738448251071	5.758670861523931		-2.1965871222482294	-5.982065256252229		3.965761143634269	6.003444976450075	
HBZ	-5.110214943570837	-4.285816039312869	-5.245473029184631	-5.230471040848027	-2.163254438236041	-3.7937340443511256	-4.704790736594456	-4.23100484750759	-4.858613260535779	15.04547672101333	10.680075325056515	13.897820334071548
AHSP	-8.57007138589323	-5.300846406644703	-8.198021327259921	6.316179920952692	4.244207575466387	6.0157586455831975	-7.673888739807263	-6.976531650270722	-7.318797633020602	9.927780204747782	8.03317048144906	9.501060314697291
PRDX2	-3.713858156296611	-4.012546525491151	-3.5868905573315515	2.216538793655087	2.4756156844258776	2.0294883738513687	-6.524310428292983	-7.119740197640755	-6.193467085173975	8.021629790934487	8.65667103870598	7.750869268654134
PNMT	-3.411382571411817	-4.913378971972918	-5.129350454517527	0.915638912659618	0.3782282598800379	-0.4459172127628362	-4.782659052574101	-4.625863562370432	-4.086250718874156	7.278402711326327	9.161014274463303	9.66151838615452
HBE1	-2.921303669980799	-3.0073009301351004	-6.130776167702818	-3.0432738417316414	-1.2437111722187617	-0.97505341715626	-1.428336471966962	-2.927315391790068	-4.296518148057241	7.39291398367941	7.178327494143913	11.402347732916304
OAT	-3.476237996603098	-4.448237602892535	-3.610059857295941	2.8536780419381005	3.552653498119421	2.9777677789253705	-5.237764298434769	-5.509582063629183	-5.418377964129698	5.860324253099787	6.405166168402274	6.050670042500246
FKBP5	-4.443492122559243	-4.226328355353594	-4.6783249539818925	4.455590521941419	4.286729651108572	4.637316754091178	-5.088310050220222	-5.213220675517973	-4.844808884586401	5.076211650838087	5.152819379762984	4.885817084477072
CA2	-5.225572910863896	-4.609676626484431	-3.909294493730573	3.227215910023198	2.8950947862429293	2.9804176954938675	-4.528818274547695	-4.657164940531902	-4.371572557062434	6.527175275388424	6.371746780773403	5.300449355299139
SPTB	-3.661452472689604	-3.394100698800704	-4.2314830579680605	3.598840068611824	3.2827868612110294	3.7914852641912793	-4.833645335851508	-4.882070250825255	-5.102872850339212	4.896257739929278	4.993384088414876	5.542870644115993
SPTA1	-2.563382950564142	-2.134473480156313	-2.4202383613148606	3.5922221745516394	3.944208747477132	3.426253782257361	-5.841169412662221	-6.590068981586238	-5.487408162299265	4.812330188674723	4.78033371426542	4.481392741356776
FECH	-4.5349083626821045	-3.928279438154568	-4.155427033894855	4.147985304729311	3.8281008937323207	3.672933155181603	-4.557991164984012	-4.693618943266105	-3.850771731502207	4.944914222936795	4.793797487688363	4.333265610215438
GSTM2	-4.686839819294667	-5.079352144463127	-5.42572014951159	2.1129642820821344	1.702869918683863	2.0194710349514704	-2.9149244955487044	-2.27332221833713	-2.7749598878124653	5.488800032761197	5.649804444116433	6.181209002372606
PKLR	-4.637805536890466	-3.3708757879770057	-4.154535868394961	4.28895860232535	3.0787357782976	3.807333573878112	-4.516602204352162	-3.664578738154427	-4.130110851721006	4.865449138917299	3.9567187478338335	4.477313146237833
HEMGN	-1.4447340125811037	-1.6339601211110557	-1.6028842943850012	1.0594612604125044	1.0125805257395664	1.6325269807412504	-5.282999240629432	-4.84172400075926	-6.1222276161258735	5.668271992798021	5.4631035961307255	6.092584929769624
TNF		4.489684627284662	4.597042009732766		-11.68313137551768	-10.205374709096988		9.701523459909334	7.3961440760182		-2.5080767116763045	-1.787811376653997
LGALS1	3.45686126628021	3.130965430309168	3.325617415138877	-7.492530611182348	-7.318206274131495	-8.042317661944313	7.539690055781299	7.834391587669922	8.44944375422473	-3.504020710879129	-3.647150743847547	-3.732743507419314
VIM	1.0736980466686958	1.5071440132068787	1.0883703936412483	-6.988053538213809	-7.38807719698143	-7.242454074544407	7.84272947080593	7.865828364885928	7.901362738370213	-1.9283739792608168	-1.9848951811113296	-1.747279057467033
ANXA1	1.9363052982571547	2.072807708102509	1.89156418562461	-7.419782329937586	-7.08768207613062	-7.222743693845365	7.371666701220109	7.439924080736255	7.304625157679171	-1.8881896695396776	-2.4250497127081565	-1.9734456494584824
COL6A1	3.242660831021072	-0.5620510014631765	1.9838796085089	-7.122908433620846	-2.516551671570168	-7.884144176217333	7.1410092670640335	5.363626987360574	7.156714541170247	-3.2607616644642787	-2.285024314327221	-1.2564499734618244
CORO1A	1.7659998869861142	2.187812275602027	1.8719772730559887	-7.429722193174863	-7.053052591953399	-6.995366444022438	5.751607445499144	4.829531165853766	5.268128081829718	-0.0878851393103954	0.0357091504976183	-0.1447389108632694
COTL1	3.1072923699009256	3.0317301469264613	3.4016914001503182	-6.999370316014774	-6.296767170620048	-7.6431943287587325	4.265493148395946	4.182038873579508	4.985140175627677	-0.373415202282119	-0.917001849885932	-0.74363724701923
HLA-DRA	1.4073387675394515	1.794159791410988	-0.1176098933894355	-3.682797959174684	-4.556197425521646	-3.475318269802828	6.51236416698054	7.795891220943536	4.737935353196734	-4.236904975345328	-5.0338535868329	-1.145007190004449
ARHGDIB	1.1981204210713383	1.5138640674190524	1.0990880976811852	-6.904073096894096	-7.024784259314745	-6.046038746696444	5.401855289266948	5.408085635119679	4.908829162778641	0.304097386555789	0.1028345567759774	0.0381214862365956
LCP1	1.4720115184132745	2.092455697792188	1.7888981808856486	-5.52073788172751	-6.674768281814157	-6.493014810640768	4.670583352676381	5.675748557361883	5.2812860784786535	-0.6218569893621458	-1.0934359733399617	-0.5771694487235111
HLA-DRB1	-1.5360110327329033	0.0855492887590897	-0.9554072282632936	-4.096057057363992	-1.9230371131206003	-3.3425027340677342	8.174095154639224	4.343284971916044	7.848958890067458	-2.5420270645422987	-2.5057971475545235	-3.5510489277364403
HLA-DPA1	2.3316282941752613	3.0106139543961983	1.5259815759928916	-3.768996843296746	-3.341821990508337	-4.260934086259574	6.234053380207151	4.161757024948858	6.304485212414763	-4.796684831085676	-3.830548988836709	-3.56953270214809
C4orf48	2.5711230852291296	3.728271114568976	2.9320872978238044	-5.107232087456092	-5.684169861336563	-5.34079799896764	4.500797540329941	3.681719996763649	5.84291681427337	-1.9646885381030093	-1.7258212499960943	-3.434206113129556
HPGD	-2.621777054671967	-2.4677790408935047	-2.681411844959442	-6.287053254180472	-8.715958603711623	-7.009706219110156	7.454546968261933	9.637206830149262	8.098689231712566	1.4542833405904945	1.5465308144558547	1.5924288323570106
S100A11	-0.8117802946889668	-0.6985063241901976	-0.4270769724231288	-7.217550463682923	-6.025226174730461	-6.386707703018168	7.83560206732195	6.501256107823791	7.144525182495069	0.193728691049919	0.2224763910968681	-0.3307405070537937
MPO	-1.0824551728171146	-1.0327387918994857	-1.203420412973152	-6.707679595338437	-7.583830098746617	-6.434354287927484	6.203561739142998	7.158494001011346	6.1722108008784	1.586573029012511	1.4580748896347566	1.4655639000222351
ANXA6	-0.6431574089408949	-0.0992914400813364	-0.2692143526651364	-6.232723557154224	-6.021248349379503	-6.288346886222097	6.184455566238687	5.976476543242178	6.09425972663435	0.6914253998564325	0.1440632462186615	0.4633015122528833
SAMHD1	-3.355899175363855	-2.544294752862072	-3.0431414087505546	-3.0623644258009834	-2.492934715116159	-3.7815933225596736	7.621110808325588	6.26978864538213	8.072244944265913	-1.2028472071607503	-1.2325591774038882	-1.247510212955717
S100B	-3.179390116484203	-2.562676214870935	-3.3457436249655537	-3.087808743190996	-1.75150394700208	-3.5916899573821013	7.648606465666599	5.288255284560133	8.18282131909724	-1.3814076059913996	-0.9740751226871104	-1.2453877367495958
ACSM1	4.124727029756657	2.499490744196408	5.020960664882303	-8.37637581404634	-4.340955742615162	-8.729504283404184	3.1955686620393973	1.933984711538408	4.001873441205981	1.0560801222502954	-0.0925197131196501	-0.2933298226840778
LYZ	-5.676989331118787	-5.86184459433392	-5.661261906914136	-6.60272508687761	-6.812654072939038	-6.726427052646382	8.213181873514934	8.362900442152338	8.011157923261086	4.066532544481484	4.311598225120596	4.376531036299431
IGF2BP1	-6.945264629623776	-6.350515293422992	-7.4640293084875475	-5.62181679451359	-5.527686268530194	-5.639974023294703	7.009893446179441	7.011996146978015	7.013851467182351	5.5571879779579465	4.866205414975171	6.090151864599866
PRTN3	-3.579229052423452	-3.791458043014018	-3.5652808489932823	-6.709928605123601	-7.860356979848776	-6.811383244852335	7.955644510689101	9.226494237242928	8.16504182144607	2.333513146857952	2.425320785619854	2.2116222723995245
C12orf56	-5.890005504613295		-4.063984609732656	-9.743294318402317		-7.226529349103937	7.047498920736346		6.747478362348715	8.585800902279255		4.543035596487899
HPGDS	-4.375769146500255	-4.47314347370641	-4.543620603597246	-4.445035328299485	-6.978021953626821	-6.384847722350376	6.911670422527048	8.540850673173674	8.238599600206243	1.9091340522727025	2.9103147541595904	2.6898687257413787
TPSB2	-7.083105697839977	-6.249680208660295	-6.285894644764928	-3.328110333564083	-3.325320194206467	-3.719413366484296	5.283140736175233	4.722881275912879	5.114660611365869	5.128075295228827	4.852119126953872	4.890647399883355
CSTA	-4.225262090870006	-3.445377729403898	-3.4734753384846786	-6.217116438068648	-4.977872634752879	-5.5001595164511246	6.796617253699581	5.613616821892161	5.868703961198162	3.645761275239063	2.809633542264616	3.104930893737641
MNDA	-4.125787662787882	-3.2807276037539608	-4.190428891684043	-6.491349494045368	-4.834317471932581	-5.4474604542418765	5.7302933551664434	4.663841083363593	5.236404678839696	4.886843801666838	3.451203992322938	4.401484667086224
PLG		-8.808051322438574			-5.498934647209472			7.748067324315508			6.558918645332495	
IGF2BP3	-4.8552481866252	-4.450437653995982	-5.152740838375312	-4.357693706609697	-4.657476676640644	-2.547119786123872	5.114245433122493	4.996246947707015	4.056591360711371	4.098696460112414	4.11166738292963	3.6432692637877815
HMGA2	-6.131757528470888		-5.519504587892373	-5.08676304429536		-3.479055826130187	7.271769898862184		6.000680317257626	3.9467506739040648		2.997880096764953
AZU1	-6.404333696922237	-6.562087870203249	-5.407953733577772	-6.256250433439413	-5.450916292038417	-5.181652013756798	3.6210216830533706	3.234386980039426	2.7462654283319035	9.0395624473083	8.778617182202218	7.843340319002644
CHI3L1	-6.219043796114976	-4.800375030777213	-4.555602653770708	-4.52550543965139	-3.341382551560636	-5.120474001635535	0.2481787308841308	-0.7570295377609333	-0.7263480851340265	10.496370504882226	8.898787120098763	10.40242474054028
FARP1	0.1051990883571487	-7.772201444961802	-8.138836194078577	-0.52353571048058	-6.212718906694138	-7.017765660088694	1.5186121959998808	5.455233430886682	6.589862005187758	-1.1002755738764474	8.52968692076926	8.56673984897952
GPR110	-5.522014674850321	-8.071406259474053	-3.917361754272601	-5.754846525707503	-5.255644172182848	-5.90958553672413	4.722226916682312	4.795026365638519	3.3111869736206145	6.55463428387552	8.53202406601839	6.515760317376116
S100P	-6.392963930982806		-6.962950090401088	-7.2202250011783615		-7.277020576123054	6.056395214124051		6.538716709269139	7.556793718037099		7.701253957255044
NANP	-6.791739014660493		-8.01185455534992	-6.111251181134343		-5.332449251816687	4.12676940243051		4.688716348939354	8.776220793364308		8.655587458227274
BPI	-6.473595954614263	-3.9358202186919855	-6.222446267223214	-5.104635957316414	-4.396335292367487	-5.253387219513922	5.432225865396821	4.36579880259831	5.726794608170112	6.146006046533834	3.966356708461152	5.749038878567012
S100A12	-7.503629098460097	-1.1549636181890564	-3.930677514718336	-7.211989592509062	-0.7177132105392632	-3.722522084690716	3.988423617327818	0.4589732994939859	2.3088626338889693	10.727195073641342	1.4137035292343398	5.344336965520072
CNRIP1	-7.035583674701568	-3.769507050395044	-5.039242855100708	-2.3735157640818207	-2.759770948246778	-2.708046804254359	1.2628316154360404	0.8454034052818621	0.9555257353277004	8.146267823347358	5.683874593359951	6.791763924027357
MLYCD	-8.116480102801669	-0.069055325030515	-1.5784022282468282	-5.15785988338463	-0.9234101240767798	-0.6744699364995279	4.329665917591367	0.148837758676872	0.3487657982910576	8.94467406859497	0.8436276904304206	1.904106366455289
GSTM1	6.796082715981047	2.18822000968316	4.108887818255831	12.45629222777027	5.817996711674134	11.482929265508645	-10.174764877526725	-4.2724251228166015	-7.725275440704047	-9.077610066224604	-3.733791598540692	-7.866541643060438
THBS1	5.794287859577627	5.789155136481485	5.572634130328456	6.693604125524892	6.470740693057455	6.227807497688601	-5.495484659911511	-5.4957944270814	-5.211009318738539	-6.992407325190987	-6.764101402457587	-6.58943230927854
PPBP	2.1570188607323293	1.6720019586331245	2.438453642756952	8.313551336561906	7.036024194719929	9.41524767371564	-4.638889681869169	-3.86806382821302	-5.8028283528220825	-5.831680515425095	-4.839962325140034	-6.050872963650531
DUSP27		7.859996876790663			8.894386051136536			-7.3031974909588095			-9.451185436968386	
CD9	4.57686789198251		4.802339986162457	7.45189010807208		6.1994166994443045	-3.330684281336922		-3.3242387958222737	-8.698073718717684		-7.677517889784478
ITGB3	3.775097534696934	2.499671362030012	3.506253671904477	7.853842237709339	4.467484364114631	5.94273414868352	-4.190608449115614	-2.8871594709067767	-3.6941924985170425	-7.4383313232906785	-4.079996255237857	-5.754795322070965
ITGA2B	3.88382611080394	3.1109388214699107	3.523463275693236	6.081213027633396	5.08673041358412	5.34144087011234	-4.57552758490416	-3.903936688007487	-3.819439408543317	-5.389511553533167	-4.293732547046588	-5.045464737262225
SIRT1	2.9631556668013066	0.4919919436123636	4.531026483275903	5.233779326296897	-1.7135354646081218	7.459956261154171	-3.780429809627359	-0.1861730527805347	-5.94658627981498	-4.4165051834708535	1.4077165737763	-6.044396464615126
AKR1C3	0.7617364127073678	0.4900604319432879	1.1810062229399136	6.693982257387173	5.82540580118565	6.921735488854634	-3.6688081153788654	-3.4987883081348823	-5.128058111468596	-3.786910554715658	-2.8166779249940554	-2.974683600325962
CLIC2	0.5148841275884056	0.4223510169715973	0.1134931408662398	7.022605119634224	5.109720889649374	7.108984893184538	-4.873041471664073	-3.3536543673562003	-4.320101539952171	-2.664447775558584	-2.178417539264771	-2.902376494098635
TNFRSF18	5.787949814772762	0.9507174518998528	6.661079903639283	2.031948336972663	-1.7754612717636504	6.394466690854313	-3.666784931852549	0.7006349756157577	-5.385097562252124	-4.153113219892876	0.1241088442480652	-7.670449032241463
NCR1	3.792914992432781	3.8424375849318446	7.130537498503878	2.378564619153582	3.961339913292912	4.34663279462876	-3.636689012097935	-3.278340696066907	-6.123753720052549	-2.5347905994884283	-4.525436802157853	-5.3534165730800805
GAL3ST4	0.8591769882825511	6.106476971185862	-0.1960206244931679	-2.111169989428732	8.265843526218298	-1.2912256806935054	2.1272407205254926	-6.53489558121201	0.4545081654153705	-0.8752477193793243	-7.837424916192141	1.0327381397712954
HBG2	-12.482453465602267	-13.38756850621984	-11.768051416857077	-0.9517091408122084	-1.011513209968136	-1.635792714028227	-7.352623261409296	-8.146393584492785	-7.422454483138016	20.7867858678238	22.5454753006808	20.826298614023354
HBG1	-8.9473506399071	-11.983893839775364	-9.97777751061627	-0.0848545104443133	1.3446715703396117	0.1987714881226057	-6.841359749372899	-8.801274351558266	-8.336029036464272	15.87356489972426	19.44049662099402	18.115035058957936
HBA1	-11.577958070284526	-12.436376784918751	-11.446603742026856	7.61393404450774	7.777891092068619	7.230249671055258	-10.439451259369378	-11.04647955126085	-10.141644135803142	14.403475285146184	15.704965244110983	14.357998206774765
HBB	-4.709763614317593	-5.743074864880937	-5.136569726483828	18.357377034256466	19.14930597289828	19.167063186500474	-8.410084804343699	-9.482443069947172	-8.016838361022906	-5.237528615595154	-3.923788038070167	-6.013655098993785
INS	-8.651880390924957	-5.628815955282769	-9.770639439908145	15.339679392128629	12.207224880793534	16.15470268064277	-3.498967688068072	-3.4602852129114825	-3.250925357807148	-3.188831313135597	-3.118123712599305	-3.1331378829274983
HBD	-3.1017165030045715	-2.2591518772606225	-2.8167146783137245	11.276964147738315	8.617873281048576	10.822545935185358	-6.979660301233184	-5.510820610369799	-7.1940857403244864	-1.19558734350052	-0.8479007934181642	-0.8117455165471266
TFRC	-3.5122770939801224	-3.666617357902481	-3.3287600014396013	7.048018125490698	7.921241621012414	7.53374042883329	-7.022742554911155	-8.456035535943089	-7.67059098106017	3.487001523400622	4.201411272833132	3.4656105536664805
CA1	-3.402367557927591	-1.691636861223606	-2.755590024662843	9.644162162304694	7.705367227828237	9.775801248320484	-3.727172263200788	-4.0637230054071125	-4.873800435662384	-2.514622341176314	-1.9500073611975064	-2.146410787995257
ALB	-7.551396806788662	-7.811655143170647	-6.48958782322095	6.4461835541222	6.954447360359127	5.988117168388501	-1.444443299927979	-1.9949478590506216	-1.5653598111699516	2.549656552594484	2.852155641862201	2.066830466002356
LXN	-5.107403887500941	-3.66268022490024	-6.258709800224673	7.626048190111951	5.085205429376884	8.49125389026383	-4.858205310701807	-2.636807582145869	-5.031761263302024	2.3395610080907763	1.2142823776692344	2.799217173262857
TF	-3.254544690875393	-3.1406303351841904	-3.33028224407643	6.785673140445046	6.790828455974482	6.705262550654342	-6.152583723996657	-5.9032078381567095	-5.7844609779847564	2.621455274427026	2.253009717366418	2.409480671406912
SEC14L2	-3.611915033858944	-3.016873132942145	-4.142017222322344	6.9410262193746695	7.0977304377551445	8.500834201543544	-3.7736713604030494	-3.496370396543283	-5.1314472713069526	0.4445601748873525	-0.5844869082697168	0.7726302920857326
CDH1	-4.4065479684030295	-3.4372918548959244	-2.316715090842749	8.652177456784015	7.342629285435239	4.636103433523832	-5.703075139782659	-4.578779992814905	-2.239132382939195	1.457445651401693	0.6734425622755991	-0.0802559597419089
C2orf65	-6.997594983829358		-7.318745819039639	6.508672400074638		6.938886103125887	-1.85356714239318		-1.9524476222677063	2.342489726147899		2.3323073381814905
CD36	-2.3148891696329628	-1.4350942046299182	-2.677943159240415	8.77198235539638	6.49777421710622	10.02690757327828	-3.086608764604505	-3.010544739684325	-3.5516680382315804	-3.370484421158912	-2.0521352727919866	-3.797296375806283
AKR1C2	-2.6946509327177752		0.405997767702037	2.721238587417388		10.595346854058317	-0.1196164113742498		-7.960254069469561	0.0930287566746342		-3.041090552290792
