0.9962520693158641
0.998246344455556
0.9980049100152445
0.9943004982844227
0.9971429598056777
0.9982158039871605
0.9982628726732888
0.9992187742482674
0.9966055758080032
0.9953159804060213
0.995250392979032
0.9938259831786943
0.9959887325020615
0.9971328888160271
0.9980379857003044
0.9944053937165264
0.9941915782801727
0.9948932793229449
0.9969489691440726
0.9977237296542265
0.9989240392862142
0.9976516041757877
0.9980947564304873
0.9984847131153533
0.997684987382446
0.9962923550893524
0.9962006447543417
0.9959174612162385
0.9965325206758389
0.9946855930707806
0.9933989478911908
0.9975455227319455
0.9981345515906491
0.997570315428353
0.9980693106632835
0.9961251834472272
0.99465939351151
0.9913447406857484
0.990206270509886
0.9952638668217832
0.9972666416604945
0.9966390211553388
0.991082015222782
0.9912289639201253
0.9886388406446408
0.9970174748903382
0.9957601502657267
0.9966018754070562
0.9963596044778072
0.9958818676499718
0.9953893652329151
0.9965282193010538
0.9965546414974795
0.9949040905206451
0.9896431500663573
0.9852039979358491
0.9898072840650773
0.993317057894849
0.9969552424824925
0.9959170773320696
0.9968158049264457
0.9904702472797213
0.9916319309980753
0.9893326204498756
0.9907243086455828
0.9937565560737358
0.9939309584413263
0.9946278181652941
0.9952003707710974
0.9922726031678368
0.9875604432154741
0.9894950550237583
0.9901409317213706
0.9966101175663226
0.9967387684854313
0.995109070306241
0.9903502857381191
0.9932133358867906
0.9980525472779765
0.997638131492666
0.9948349429280544
0.9931586893846612
0.9926466939972036
0.9936647256550042
0.9909404038394354
