0.9849137167785488
0.9974331910686499
0.996877064747092
0.9943762807257036
0.9949780948334909
0.9904899997914809
0.9966856421058792
0.9959657547840981
0.9989364884275614
0.9970869781129093
0.996271333430994
0.9962415114027529
0.9886522966161494
0.986738613523546
0.9907069458238804
0.9946548977352935
0.9967402446850591
0.9973200865580509
0.9969553898398082
0.9980255515807265
0.9957901263329991
0.994160956579502
0.9951806298556641
0.9932789778024513
0.997627347954891
0.9979917978282662
0.9958916635035815
0.9950109210649122
0.9923220190589678
0.990895819888984
0.9918888001516251
0.9895581246685977
0.9893330590961709
0.9967265386129752
0.9974579242359775
0.9967096557010923
0.9984863832620412
0.9978405687857754
0.9980117362205542
0.996595823081908
0.9979307157619376
0.9973784754511015
0.9956982345901456
0.9940711499967427
0.991288454595314
0.9947381591182037
0.9872780250130607
0.9934755549071224
0.989647174580221
0.9903701922045839
0.9959750278189953
0.9921646753398714
0.9891744588560022
0.9857829314239887
0.988358907726791
0.9885389642469904
0.9929489427481356
0.9979506171202382
0.9984930789567508
0.9990445658898914
0.9871916344143069
0.9922697747192197
0.9950578551451179
0.9898932470865361
0.9953232410590823
0.9920772085799962
0.9972128222732476
0.997228408963197
0.9974818749629047
0.9924870598640346
0.9895853076485802
0.9909916999224337
0.9980323011940794
0.9958624836713516
0.9978342260985397
0.9934082317912197
0.9933403501715786
0.9893093411683924
0.9843516891121291
0.9774471914399566
0.9832789459900172
0.9872357094584222
0.9882736197623725
0.9928217295541021
0.9867016042802716
