0.9955095424386884
0.9961642890428515
0.9985888018608758
0.9982530597700308
0.9954402271278687
0.9847675990435306
0.9854527705733067
0.9935242458650853
0.9951103167630299
0.9967580649075205
0.9981763898965148
0.9967654829910694
0.9889009285836936
0.9854353114036009
0.9867938463100163
0.984548768807155
0.9914650889159602
0.9949469139084282
0.9941668359756932
0.9977695253168135
0.998357109737776
0.9955150860405699
0.9972614458788853
0.9945012915921375
0.9953400501560361
0.9926320865986945
0.9906732784908704
0.9958674403769184
0.9945283195520545
0.9938015498674124
0.9949138616909681
0.9972096196858458
0.9959826275885467
0.9954728652984265
0.9953819507726703
0.9977450292414104
0.9979937147667999
0.9980907140685575
0.9948662729152079
0.9941512296668351
0.9843397692063355
0.9829645562706417
0.9800483851432583
0.9663714526927698
0.9811301964074818
0.9883738597715984
0.9945026741805976
0.9961862522703303
0.9954258571395704
0.9963082738642086
0.9973923544007194
0.9964118677322809
0.993685354855558
0.9950982246405045
0.9972579745180923
0.9968335699652603
0.9976188088020265
0.9977949855752601
0.9975961426847992
0.9950201953099117
0.9929124759290059
0.997609461064029
0.9981971209434576
0.9981898160207381
0.996192993567906
0.9960164858041383
0.9968626800025862
0.9868091120858787
0.9915409758032641
0.9910474090387736
0.9960248083195893
0.9977164137073166
0.9973671882199174
0.9984917440953291
0.9959215604523997
0.9951674284615503
0.9934169169225262
0.9864608272150984
0.9947846307749627
0.9966869208382353
0.9929694662094188
0.9907463830201593
0.9890411782977077
0.9774736520934388
0.9678561430946716
