0.9971456913711803
0.9981132721079433
0.9976417411923442
0.9975569914194152
0.9984291891562506
0.996044408864191
0.9982954815271795
0.9961963345353652
0.9969017119365114
0.9934483616117497
0.9961115820456243
0.9978334289755011
0.9976896948989616
0.9971733465963797
0.9961059184974763
0.9980945013350653
0.9971465365866706
0.9944681797849402
0.9961757731336294
0.997553902074607
0.9951760614416483
0.9905602443902246
0.9926334490315758
0.9850231754417211
0.9891730122400908
0.9967302105591415
0.9961272655249338
0.9965750111755096
0.9960386678222686
0.9940531296987986
0.9963488024979922
0.997382465814755
0.9971209537286813
0.9954060669462846
0.994691649206159
0.9922875074377793
0.9928848495538477
0.9945643038856778
0.9944577568746991
0.9937600900271608
0.9913804677392581
0.987998298432478
0.9861398142811795
0.9938959276374533
0.995090298658348
0.9979150215012849
0.9981056241194032
0.9948407596612145
0.9959028937651947
0.9958309313324887
0.9909601778262196
0.9954286795594179
0.9965678700032857
0.9985540585877731
0.9978821469563138
0.9939828487363077
0.9967867593455977
0.9950107979425697
0.9971596279753323
0.9986107010976426
0.9989414728316627
0.9975510441789053
0.9974423514411606
0.9969931275348989
0.9931824856976513
0.9944369229282082
0.9952636540830501
0.9963225229194609
0.9969301372156258
0.9938427369473585
0.9916597833966072
0.9918911545367517
0.9908508547351452
0.9942564730150162
0.9851313432126175
0.9934957376239119
0.9968709446770977
0.9976569675074871
0.992303444343683
0.9912788602841894
0.984891729875863
0.9899104292262256
0.9904609659407397
0.9868749599588947
0.9828219855787452
