0.9967469359123567
0.9926958890899085
0.9942869175074082
0.9962022864317626
0.9938414954990603
0.9931225868307324
0.9950578827130014
0.9908318926709642
0.9931883339997557
0.9959174133461851
0.9983183150704678
0.9955118078574801
0.9957965918064805
0.9937349681128138
0.9971711747373995
0.996711583241732
0.994216453324572
0.9964612008649205
0.9963547499651939
0.9981565389388736
0.9988050024163735
0.9971544330688635
0.9978610126273022
0.9973707046924511
0.9941847922782864
0.9962121128424837
0.9949825131579648
0.996445888359455
0.997317180858198
0.9951315521789194
0.9919077840827724
0.9884779568971341
0.9858082293935698
0.9906318060293549
0.9960767609129761
0.9896620175765487
0.9964450929017784
0.9944959165363876
0.9950327801665866
0.9962718409909038
0.9947387639893948
0.9925077685087781
0.9922295727861712
0.9909453455158556
0.993927723751168
0.9943247505938845
0.9944055341319699
0.9873657542195021
0.9829650974621262
0.9868460819260391
0.9816883063813492
0.9923140656593419
0.9980209190354978
0.9989350364511589
0.9979696093732958
0.9980892881796048
0.9947724850942334
0.9976288662132927
0.9951905797636781
0.9948278596381512
0.9961406457033792
0.9924900535158357
0.9922056625741058
0.995873654489671
0.9917244963445958
0.995194947097331
0.9966650947178941
0.9946677427291886
0.9936424492347071
0.9929318248120518
0.9929447649143149
0.9928542795886066
0.995561555158553
0.9959730286334948
0.9927655679298945
0.993176534297483
0.9982764847756617
0.9980003332037621
0.9979900359347014
0.9931576262799996
0.983156040495575
0.9878745341229437
0.99515350792662
0.9964920420877096
0.9877285165449036
