0.9961492938718404
0.9955577748154267
0.9961640139215161
0.9948803928464768
0.9921932654633691
0.9952030504845758
0.9957839164277771
0.9901467158663845
0.9970101531754996
0.9969826054536128
0.9987565704740945
0.9964962651210837
0.99795915392511
0.9972653356985328
0.9981659318109519
0.9979202095691971
0.9980326261184875
0.9977594044589688
0.9975882190197345
0.9982802130564569
0.9948993567951341
0.9924221973560201
0.9934758966546305
0.9875726889337664
0.9973592931453955
0.9980026464192007
0.9971904668637893
0.9947312912469161
0.9957270073751944
0.9967982858277638
0.9962552070135345
0.997714681832655
0.9966900925419814
0.9974987783141914
0.9981597532027925
0.9975408304537334
0.993198654725913
0.9919969394231335
0.9968793001856007
0.9959825199491525
0.9932531175368537
0.9944276412357267
0.9951768805097512
0.9971092690775685
0.9977415738439352
0.9977634096975262
0.9963514621423116
0.9927199854198807
0.9923475663434794
0.9886261167306701
0.995475692324824
0.9975691509788075
0.9965329124923201
0.9949859055850636
0.9930678734987411
0.9968065794150096
0.9971759292054814
0.9971339535446639
0.9954127386878159
0.9963474626139162
0.9970287434362718
0.9937466227229081
0.9926718668447765
0.9900810593820905
0.9891555786099256
0.9958524961575898
0.9975350514948415
0.998613607215845
0.9977414708702189
0.9955598360558069
0.992099341588914
0.9952910752846434
0.9980871963485753
0.9972299494513065
0.99583453538692
0.9943500954757796
0.995118131084287
0.9978126811952686
0.9980427401609377
0.9988136993896575
0.9973829146746732
0.9941605254726019
0.9917392308369789
0.9813913644537346
0.9785051575663294
