0.987614575263437
0.9941222724530002
0.9913520636467459
0.9976770135725885
0.9978223242151757
0.9963606277084691
0.9934121748777491
0.9977500147379187
0.9948047800241704
0.9890128572660152
0.9883338424786455
0.9918861648228603
0.9949883344957516
0.9966757461319857
0.99706621111556
0.997077182465151
0.9958977242804357
0.996719060444554
0.9968282081015993
0.9951328254886928
0.9957048127243345
0.9982368960734976
0.9989996722778581
0.9974121220591157
0.9938718455631345
0.9926376896997545
0.9949928645861499
0.9935515223887369
0.9971096651911807
0.9971487769990379
0.9989846731744789
0.9981528887626716
0.9966724685372021
0.9974757209450735
0.9957291488357515
0.9956379945428707
0.9941960585590194
0.9949859397229032
0.9971394036990552
0.9957061107769363
0.99609527731461
0.9916209838301899
0.9926839971933021
0.9943643876347537
0.9963736099754219
0.9981839035023413
0.993412181313422
0.9962215121697345
0.9984025842699478
0.9987111243149662
0.9982328262392174
0.9964227977742031
0.9988684334401188
0.9978828018307105
0.9959977141607319
0.9934595774137251
0.9953834760685524
0.9949025554798273
0.9978750206510867
0.9986806469772322
0.9977501715208001
0.9970492607622274
0.9973155940845448
0.9988062406672953
0.997728554833013
0.9960598650298337
0.9949369333818565
0.998191847825566
0.997872150168935
0.9986569985515804
0.9962739607868039
0.9972754661024664
0.9963873820806639
0.9949458983607142
0.9970561362870893
0.9982057578601748
0.9979708599281633
0.9976815680968969
0.9976902406389152
0.9981861801951686
0.99636018268371
0.9933822640642103
0.9974517714222269
0.9935325902019538
0.9938850977092778
